# actions/kick_right_8m.act.0  iteration 601  minError   56.45   error   53.68 (t  859 up  5.9  d 8.25 a 0.29 z 0.31 zd 1.40)

7.845685  -3.217426  31.824409  -69.880074  38.976177  1.988323  -6.853586  -3.200961  14.078585  -43.749081  39.572746  4.335907  -65.461861  -2.961699  -80.155037  -16.479630  -97.618965  -16.341492  97.422363  6.107346  231
-3.574329  -5.083255  23.212456  -30.489241  24.014015  9.877429  -2.521534  2.639666  19.950741  -42.159790  38.430607  5.082207  -92.542595  21.841343  -90.696442  17.658918  -97.148956  0.648775  73.540352  27.505943  148
-13.776320  -22.779617  13.921947  -3.166769  15.684584  16.793400  -4.975410  -20.815748  2.894913  -65.253632  41.771587  27.255653  -140.283844  12.575327  -122.528534  26.137636  -45.346066  -11.439683  86.890221  -9.014828  235
-22.712795  -6.886841  -3.782300  -15.986460  14.029029  13.717824  6.542436  -9.192226  40.889328  -14.457430  12.305152  11.530767  -80.055870  18.068319  -84.228828  -14.022610  -96.655014  -10.462407  75.728783  14.318255  69
11.519848  5.702621  -8.431703  -29.747770  30.133230  16.883633  -27.879576  14.627630  73.357719  -9.381902  -24.513561  1.505093  -48.242718  -4.338587  -101.249931  5.387330  -123.728386  -3.869737  78.116814  -7.485380  21
9.458588  -0.898513  25.125759  -21.431128  13.985459  -8.572709  -14.477953  -13.028132  32.398373  -1.617678  -40.126083  4.357476  -68.854080  2.226968  -91.296783  3.911481  -142.854477  -17.898235  94.444374  15.593662  76
-27.002491  1.996083  4.984716  -22.083141  23.319515  12.906362  4.895364  -31.907951  33.199799  -64.774590  2.773829  29.130970  -107.294388  -12.798300  -69.329437  16.765923  -102.032700  -26.932600  85.435608  1.111924  0
17.109224  15.054328  26.884209  -26.425030  15.709815  4.223093  2.689038  -15.502854  19.825672  -33.718773  9.597778  20.091976  -96.402718  -20.256132  -74.948845  -4.262481  -81.510315  -21.287622  66.817589  -6.149021  65
-11.833237  6.132714  9.212891  -29.954842  21.963717  4.858809  -20.014431  8.376230  3.473743  -26.121151  8.123748  -4.279721  -75.749977  -6.544432  -82.542671  16.369881  -108.372223  -1.781082  89.760132  -25.253416  157
