-0.9189300537109375 --- [0.166927, 0.292504, 0.10317, 0.021786, 0.272238, 0.182223, -0.122736, 0.057605, -0.111257, -0.092201, 0.515611, 1.350784, 0.412269, 0.284784, -7.062395, -2.552063, 0.30997, 0.238395, 0.056443, 22.729995]
-0.8816795349121094 --- [0.264744, 0.140917, 0.369788, 0.295919, 0.036496, 0.08415, -0.076758, 0.126289, -0.108369, -0.048663, 0.118233, 1.801612, 0.829088, 0.907888, -33.836786, 31.038131, 0.20594, 0.158764, 0.032836, 7.437888]
-0.42761993408203125 --- [0.016775, 0.112082, 0.001424, 0.258637, 0.208302, 0.089782, -0.045503, 0.149888, -0.113334, -0.142177, 1.712215, 1.422574, 0.291813, 1.012607, -37.978319, 15.940356, 0.297526, 0.16294, -0.040541, 15.629012]
-1.4668102264404297 --- [0.192815, 0.002868, 0.121568, 0.100306, 0.020122, 0.103223, -0.111041, 0.002857, -0.05642, 0.070854, 0.776723, 0.816918, 1.702774, 1.197219, -62.924842, 2.256413, 0.106074, 0.278148, 0.10544, 23.43716]
0.0 --- [0.123414, 0.203201, -0.026512, 0.125062, 0.084374, 0.108243, -0.121692, 0.061667, -0.055262, 0.22674, 0.388706, 1.083064, 0.789562, 1.071396, -19.662107, -16.077143, 0.316088, 0.096926, -0.126909, 50.599453]
-0.8475399017333984 --- [0.204231, 0.123833, 0.195343, 0.049065, -0.034676, 0.147747, -0.0814, 0.128638, -0.005857, -0.143725, 0.842403, 0.422556, 0.490344, 0.446337, -34.960259, -7.133904, 0.337818, 0.089956, -0.012136, 45.501989]
-0.7128000259399414 --- [0.235181, 0.194769, -0.013595, 0.057761, 0.277029, 0.164799, -0.149797, 0.098009, -0.032835, 0.052607, 0.920815, 0.229673, 0.179285, 0.706051, -12.414223, 13.502644, 0.322767, 0.231787, -0.038851, 22.727224]
-0.8270998001098633 --- [0.151119, 0.082493, 0.1819, 0.015865, -0.020033, 0.047816, -0.184749, 0.175378, -0.094626, -0.193145, 1.315255, 1.088412, 0.024979, 1.207041, -66.791321, 26.239752, 0.35442, 0.29843, -0.061369, 19.111604]
-1.1521902084350586 --- [0.359106, 0.242301, 0.112748, 0.133081, 0.088715, 0.028697, -0.08756, 0.029989, -0.123251, 0.130093, 0.776239, 1.035279, 0.050822, 1.370981, -48.930751, 6.780693, 0.294157, 0.073058, -0.128188, 21.400206]
-2.058350086212158 --- [0.236678, 0.096111, 0.246129, 0.100445, -0.016669, 0.15512, -0.176493, 0.011152, -0.038852, 0.150655, 0.728149, 0.438704, 1.228844, 1.2493, -35.25365, 3.311042, 0.37087, 0.227512, -0.106132, 18.516586]
-1.2408199310302734 --- [0.158337, 0.275592, 0.113943, 0.106776, -0.189252, 0.022561, -0.141544, 0.076339, -0.082933, 0.020575, 0.274448, 0.502746, 0.642291, 1.211915, -37.777326, -14.120861, 0.27535, 0.141299, -0.003164, 56.543803]
-2.0777997970581055 --- [0.344839, 0.10574, 0.208324, 0.05064, 0.08364, 0.284256, -0.044526, 0.145116, -0.058933, 0.018021, 0.003852, 0.267265, 0.969446, 1.044775, -50.439637, -22.548616, 0.393473, 0.063425, -0.063009, 42.771274]
-0.7555904388427734 --- [0.29314, 0.092345, 0.164441, -0.093201, -0.055263, 0.180496, -0.043922, 0.092913, -0.117076, 0.053395, 0.562908, 0.67671, 1.679393, 0.905511, -55.147061, -11.992771, 0.3163, 0.056157, -0.093563, 20.300665]
-0.5506296157836914 --- [0.222825, 0.190429, 0.016979, -0.004512, 0.084356, 0.124293, -0.05444, 0.107541, -0.032129, 0.148969, 0.617812, 0.743051, 1.001896, 1.313831, -46.226129, -6.075636, 0.207378, 0.199038, 0.004615, 41.749198]
-1.1647701263427734 --- [0.317743, 0.249011, 0.16482, -0.055006, 0.065092, 0.107454, -0.150037, 0.044049, -0.044961, 0.075152, 0.703684, 0.713345, 1.100945, 0.412436, -20.736908, 22.456673, 0.387772, 0.283935, -0.090285, 78.803152]
-1.4369802474975586 --- [0.183752, 0.205731, 0.204192, 0.093653, 0.049418, 0.142359, -0.156305, 0.041942, -0.084319, 0.21876, 0.604262, 1.543186, 1.250915, 0.530997, -48.747727, -2.701287, 0.206393, 0.156186, -0.009376, 26.459377]
-2.0993499755859375 --- [0.261368, 0.192993, 0.091658, 0.003312, -0.108318, 0.061472, -0.088934, 0.126837, -0.004223, 0.179865, 0.522587, 1.077348, 0.964043, 0.754969, -27.23869, 10.325897, 0.170951, 0.122707, -0.062367, 39.902909]
1.0 --- [0.252668, 0.296921, 0.057228, -0.007338, 0.104217, 0.125525, -0.121223, 0.147389, -0.038904, -0.055045, 1.319866, 0.921332, 1.684256, 1.130399, -40.373268, 3.243067, 0.341347, 0.255273, 0.023694, 47.833507]
-1.0882196426391602 --- [0.248612, 0.296596, 0.21583, 0.080855, -0.064312, 0.149939, -0.107223, 0.087746, 0.033092, -0.017193, 0.84761, 0.807881, 0.182311, 0.784954, -40.462559, -7.556652, 0.203798, 0.23518, 0.069259, 37.986381]
0.0036001205444335938 --- [0.193493, 0.240231, 0.065994, -0.091891, -0.080879, 0.110982, -0.062799, 0.056648, -0.019682, -0.100587, 0.808054, 0.53663, 1.391157, 0.582726, -19.69445, 1.503412, 0.220717, 0.153516, 0.026494, 23.155297]
-1.4670095443725586 --- [0.300128, 0.127171, 0.167562, 0.050876, 0.031883, 0.129764, -0.13564, 0.049996, -0.069201, 0.114784, 0.518983, 1.863715, 0.644456, 1.197899, -50.908404, 9.253496, 0.201464, 0.271174, 0.07478, 29.87822]
-2.3242697715759277 --- [0.287007, 0.092167, 0.130596, -0.058037, -0.001222, -0.017547, -0.12042, 0.097396, -0.0533, 0.101975, 1.045187, 1.711184, 1.71967, 0.881512, -69.585002, 20.746984, 0.234969, 0.274447, 0.095224, 52.531793]
-1.2096099853515625 --- [0.261533, 0.127324, 0.026301, -0.036591, 0.050779, 0.137276, -0.125272, 0.083545, -0.081827, 0.264088, 1.007904, 1.145539, 1.021205, 0.050171, -43.012972, 5.606736, 0.164726, 0.179128, 0.032996, 48.395188]
-1.8684396743774414 --- [0.220354, 0.23913, 0.180479, -0.181754, -0.032206, 0.105454, -0.138063, 0.02979, -0.056564, -0.084278, 0.514761, 1.007196, 0.958951, 0.83481, -38.118121, 7.54423, 0.218691, 0.177719, 0.103186, 17.328006]
-2.329279899597168 --- [0.253751, 0.265849, 0.046436, -0.093859, 0.008541, 0.107435, -0.151927, 0.052022, -0.030393, 0.212401, 0.402677, 1.256446, 1.089893, 0.553241, -33.20959, 14.075059, 0.240053, 0.201101, 0.110801, 23.293593]
-2.0161399841308594 --- [0.282824, 0.173374, 0.140188, 0.015332, 0.105062, 0.106545, -0.090628, 0.075715, 0.079563, -0.050737, 0.552268, 1.014684, 0.250564, 0.443147, -34.478944, -1.195988, 0.315142, 0.183547, -0.072132, 27.161541]
-0.4252300262451172 --- [0.162286, 0.177403, 0.091974, -0.065562, 0.117025, 0.021368, -0.104859, 0.086244, 0.026969, 0.162691, 0.615827, 0.928082, 1.17627, 0.416695, -59.471307, 2.2306, 0.129652, 0.242939, 0.065507, 38.725445]
-1.431889533996582 --- [0.230012, 0.176368, 0.095223, -0.052224, 0.013749, 0.050641, -0.132385, 0.084141, -0.047286, -0.019433, 0.841247, 0.741904, 1.06278, 0.756151, -53.200944, 15.569246, 0.375821, 0.25662, -0.019889, 46.288105]
-1.3338098526000977 --- [0.217389, 0.242691, 0.155308, -0.067455, -0.018265, 0.052235, -0.094854, 0.141721, -0.066912, 0.14627, 0.447032, 0.578855, 0.697535, 0.842141, -49.639711, -2.454822, 0.328189, 0.203595, -0.008741, 34.812529]
-3.006430149078369 --- [0.237165, 0.242765, 0.120227, -0.001884, 0.035764, 0.037469, -0.128709, 0.045556, -0.074595, 0.153325, 0.688593, 0.766031, 1.025207, 0.820035, -45.997119, 17.211622, 0.232923, 0.190772, -0.013079, 51.046552]
-0.4623298645019531 --- [0.271955, 0.208483, 0.071133, -0.028017, 0.093585, 0.030328, -0.079461, 0.121841, -0.065193, -0.041777, 0.733395, 0.976754, 0.861088, 0.863141, -28.359324, 6.270743, 0.234763, 0.218643, -0.016002, 45.023647]
-1.2092504501342773 --- [0.209719, 0.245433, 0.077304, 0.032316, -0.057426, 0.041782, -0.099216, 0.117597, -0.020645, 0.08423, 0.464959, 1.045056, 0.81886, 1.304139, -38.830241, 13.421605, 0.360005, 0.234429, -0.117221, 39.45773]
-1.7648200988769531 --- [0.24131, 0.225011, 0.076568, -0.058109, 1.0E-6, 0.080516, -0.124026, 0.041054, -0.089616, 0.194874, 0.386016, 1.011659, 1.150728, 0.589426, -36.683498, 3.790029, 0.289023, 0.088039, -0.029425, 47.464417]
-1.699859619140625 --- [0.225702, 0.264146, 0.148637, -0.101376, 0.051666, 0.054789, -0.102257, 0.129219, -0.032845, 0.045475, 0.615137, 1.209841, 1.064384, 0.784249, -26.667897, 12.471491, 0.321127, 0.08348, 0.016915, 51.124618]
-2.6685104370117188 --- [0.194519, 0.245437, 0.132314, -0.100756, 0.081449, 0.091328, -0.165207, 0.054325, -0.050305, 0.128172, 0.71716, 1.044472, 1.352213, 0.543165, -44.917076, 3.320094, 0.34685, 0.142992, 0.082062, 50.529651]
-1.324930191040039 --- [0.203142, 0.245007, 0.1758, -0.128906, 0.01924, 0.077926, -0.120436, 0.08507, -0.089386, 0.001587, 0.391346, 1.072144, 1.26663, 0.684922, -32.439465, 8.741784, 0.344775, 0.210712, -0.026178, 45.913074]
-2.0129899978637695 --- [0.236186, 0.214594, 0.119663, -0.008445, 0.06537, 0.083742, -0.168283, 0.023901, -0.065257, 0.089001, 1.076207, 1.043153, 1.074379, 0.518113, -26.562506, 6.113635, 0.261866, 0.109511, 0.032416, 52.118381]
-2.116340160369873 --- [0.273929, 0.243808, 0.072756, -0.031987, -0.023839, 0.100737, -0.118492, 0.025336, -0.053856, -0.02191, 0.575148, 0.86283, 1.117098, 0.604223, -52.870425, 15.200202, 0.131072, 0.165247, 0.016586, 52.859347]
-3.019130229949951 --- [0.260198, 0.190817, 0.077569, -0.08039, -0.01562, 0.089629, -0.160687, 0.045959, -0.070071, -0.029878, 0.836473, 0.862676, 0.948179, 0.321753, -41.185475, 5.637726, 0.244198, 0.179169, 0.006981, 55.069472]
-1.8290996551513672 --- [0.181773, 0.213875, 0.145753, -0.071007, 0.051454, 0.075253, -0.111464, 0.092151, 0.04098, 0.248446, 0.620511, 0.944037, 1.04489, 0.943736, -39.546961, 4.304048, 0.162039, 0.220708, -0.001931, 56.610702]
-1.1984796524047852 --- [0.204817, 0.163819, 0.173096, -0.042328, 0.102874, 0.137001, -0.146093, 0.051376, -0.084506, 0.13254, 0.20256, 1.313242, 0.881459, 0.335288, -41.179944, -1.706199, 0.359191, 0.14118, 0.026968, 51.667074]
-1.7407102584838867 --- [0.317428, 0.264383, 0.044579, -0.029552, -0.002388, 0.109141, -0.099273, 0.076729, 0.051731, 0.073751, 0.385928, 1.196157, 1.144646, 0.549002, -41.072468, 0.143174, 0.33743, 0.185832, 0.108876, 54.636316]
-2.643040180206299 --- [0.25863, 0.262186, 0.137765, -0.063176, -0.033105, 0.09077, -0.153377, 0.055461, -0.034598, 0.15837, 0.535518, 0.853187, 1.105702, 1.170326, -43.676456, 3.468838, 0.268373, 0.140952, 0.005865, 68.398327]
-1.2354497909545898 --- [0.275812, 0.212179, 0.083708, -0.077511, -0.049997, 0.031469, -0.142503, 0.068371, -0.05137, 0.004985, 0.642741, 1.383202, 0.962034, 0.95374, -32.38848, 0.464817, 0.200884, 0.273487, 0.094401, 64.204447]
-1.6738395690917969 --- [0.274266, 0.233148, 0.060418, -0.133725, -0.077066, 0.064093, -0.07761, 0.13499, -0.066138, 0.138746, 0.491545, 0.69695, 0.606892, 0.477852, -32.668788, 4.875899, 0.246589, 0.171534, 0.105197, 50.064142]
-1.5598297119140625 --- [0.260623, 0.300963, 0.099595, -0.09887, 0.026128, 0.098597, -0.130866, 0.079685, -0.075638, 7.6E-4, 0.374331, 1.334248, 0.933366, 0.894035, -41.221849, -15.237147, 0.384604, 0.236729, 0.054228, 39.091683]
-1.9909296035766602 --- [0.252296, 0.253678, 0.163462, -0.138324, 0.018508, 0.07961, -0.045757, 0.137134, -0.086803, 0.136411, 1.063264, 0.971428, 1.086568, 0.950623, -30.503148, 7.820369, 0.324734, 0.163267, 0.092854, 51.427286]
-1.0941200256347656 --- [0.221317, 0.228945, 0.092472, -0.123557, 0.005196, 0.071568, -0.12217, 0.054884, -0.092675, 0.11885, 0.942508, 1.543987, 0.902974, 0.572098, -59.534517, -5.945925, 0.190762, 0.193003, 0.026172, 48.345551]
-2.095170021057129 --- [0.22332, 0.162634, 0.131106, 0.035638, -0.013616, 0.083826, -0.155448, 0.065274, -0.039027, 0.263296, 0.759444, 1.431001, 1.182141, 0.87484, -42.440349, -5.216992, 0.234596, 0.125463, 0.005212, 57.779603]
-1.0618000030517578 --- [0.310354, 0.289248, 0.139657, -0.080127, 0.043634, 0.070407, -0.136321, 0.041627, -0.02199, 0.256799, 0.807986, 1.397906, 0.681148, 0.440929, -37.791068, 6.218338, 0.104881, 0.146103, 0.004997, 45.104533]
-2.0546398162841797 --- [0.247792, 0.271498, 0.190679, -0.061265, 0.010288, 0.069356, -0.118892, 0.085752, -0.064755, 0.150641, 0.644435, 1.133811, 0.589004, 0.867646, -40.88587, 9.907375, 0.160473, 0.249836, 0.093511, 41.809799]
-1.4344797134399414 --- [0.267452, 0.245069, 0.127984, -0.037665, -0.005219, 0.158172, -0.057431, 0.133504, -0.005087, 0.053875, 0.790227, 1.052094, 0.928463, 0.967549, -41.632105, 2.720351, 0.310926, 0.188317, 0.048925, 50.656702]
-1.9630298614501953 --- [0.275373, 0.208966, 0.183974, -0.033102, 0.056601, 0.101143, -0.10977, 0.114518, -0.014311, 0.188158, 0.885811, 1.132506, 0.762644, 0.739963, -17.603851, -2.827333, 0.24389, 0.230836, 0.071352, 48.130161]
-2.4656500816345215 --- [0.320263, 0.226567, 0.157319, -0.075817, 0.02733, 0.047294, -0.080438, 0.127465, -0.028435, 0.13294, 0.977152, 1.424568, 0.77979, 0.674186, -49.617556, 8.856849, 0.306022, 0.266538, 0.05888, 50.854381]
-2.590280055999756 --- [0.239641, 0.282941, 0.171312, -0.04407, -0.032217, 0.057751, -0.069632, 0.136075, -0.041189, 0.097951, 0.885402, 1.062983, 1.137349, 0.38034, -45.199943, -2.950638, 0.206571, 0.277251, 0.065322, 60.089954]
-1.130539894104004 --- [0.332724, 0.226847, 0.114584, -0.093753, 0.086084, 0.06668, -0.07326, 0.090351, -0.118153, 0.15814, 0.7881, 1.218069, 0.707377, 0.865988, -49.240015, -6.622713, 0.113815, 0.298927, -0.006315, 54.360636]
-2.180150032043457 --- [0.212388, 0.292364, 0.138938, -6.12E-4, 0.025793, 0.118189, -0.135655, 0.069272, -0.045282, 0.095862, 0.714256, 1.280557, 0.840066, 0.273666, -37.53228, 4.618714, 0.2103, 0.251777, 0.025377, 52.754375]
-1.8382797241210938 --- [0.238619, 0.26267, 0.149808, -0.026518, 0.074682, 0.082502, -0.091633, 0.119804, 0.007685, 0.161366, 0.887908, 1.346749, 0.835862, 0.893036, -28.17544, 4.671077, 0.166763, 0.23717, 0.057918, 54.767438]
-2.331399917602539 --- [0.302585, 0.240951, 0.113488, -0.007322, 0.024018, 0.074479, -0.052606, 0.134739, -0.079281, 0.194104, 0.85918, 1.252898, 1.072924, 0.576715, -45.024099, 5.446425, 0.281252, 0.169851, 0.054485, 57.502432]
-1.3542003631591797 --- [0.255837, 0.207398, 0.135988, -0.010108, 0.011457, 0.084634, -0.087909, 0.126055, -0.020223, 0.0632, 0.974954, 1.317152, 0.683486, 1.246232, -33.293565, 13.030713, 0.189054, 0.203859, 0.032794, 55.885954]
-1.4907903671264648 --- [0.300249, 0.235512, 0.181748, -0.014884, 0.027096, 0.057285, -0.134521, 0.087369, -0.038249, 0.195717, 0.84698, 1.381538, 0.919166, 0.594755, -43.875512, -2.459931, 0.252707, 0.161106, 0.073054, 59.364538]
-1.9824304580688477 --- [0.285312, 0.262799, 0.146393, -0.036857, 0.034154, 0.066642, -0.102528, 0.133288, -0.043367, 0.17598, 0.591183, 1.26759, 0.775928, 0.973964, -38.26778, 11.802238, 0.149042, 0.168923, 0.034981, 56.955569]
-2.502319812774658 --- [0.295362, 0.253057, 0.15418, -0.056404, 0.048483, 0.07407, -0.120237, 0.095821, -0.073834, 0.200671, 0.82435, 1.215081, 0.911019, 0.794747, -41.945869, -1.17439, 0.253401, 0.245689, 0.034992, 60.219526]
-1.7005901336669922 --- [0.303918, 0.194606, 0.127655, -0.044611, 0.014941, 0.07574, -0.127131, 0.09794, -0.052267, 0.162765, 0.677416, 1.476222, 1.05925, 0.659368, -47.77922, -8.643023, 0.124877, 0.253255, 0.048808, 66.518337]
-1.8632001876831055 --- [0.273439, 0.209962, 0.13869, -0.04669, -0.002886, 0.124968, -0.095498, 0.119823, -0.023297, 0.170977, 0.659773, 1.228706, 0.979694, 0.723612, -40.6691, 1.576109, 0.30866, 0.162627, 0.070033, 43.640123]
-2.6191701889038086 --- [0.285221, 0.278714, 0.170806, -0.06468, 0.013102, 0.06143, -0.075774, 0.136296, -0.0385, 0.060981, 0.746107, 1.433252, 0.982568, 0.628167, -36.979966, -3.488059, 0.255, 0.209785, 0.04284, 59.146461]
-2.781219959259033 --- [0.286733, 0.217412, 0.149937, -0.056302, -0.014424, 0.088229, -0.060872, 0.134854, -0.031252, 0.108352, 0.524435, 1.45909, 0.865826, 1.028454, -47.117776, 0.605209, 0.175835, 0.294878, 0.059035, 60.846182]
-2.046480178833008 --- [0.274271, 0.211935, 0.157229, -0.0404, 0.052133, 0.093699, -0.11533, 0.107034, -0.05184, 0.142126, 0.544632, 1.326362, 0.933661, 0.797398, -38.137863, 12.563859, 0.249515, 0.244803, 0.070197, 58.69653]
-2.1580100059509277 --- [0.280042, 0.288276, 0.154647, -0.03034, -0.013153, 0.083299, -0.097126, 0.136371, -0.067906, 0.033786, 0.828381, 1.551928, 0.48972, 0.637394, -49.296195, 3.811777, 0.288616, 0.224183, 0.043726, 52.317351]
-2.385540008544922 --- [0.254058, 0.285725, 0.155468, -0.033054, 0.00731, 0.051186, -0.10957, 0.121055, -0.01676, 0.20275, 0.785825, 1.316062, 0.438441, 0.648599, -40.285747, 6.190344, 0.258956, 0.188862, -2.0E-5, 60.268887]
-2.5271501541137695 --- [0.229031, 0.236652, 0.130029, -0.035673, -1.18E-4, 0.109486, -0.048593, 0.132971, -0.096803, 0.102158, 0.581753, 1.075038, 0.783671, 0.613171, -47.250918, -9.908896, 0.255828, 0.249785, 0.033067, 63.283901]
-2.4419097900390625 --- [0.25528, 0.272852, 0.178113, -0.069924, 0.037861, 0.132457, -0.041011, 0.128842, -0.092644, 0.145355, 0.638557, 1.184521, 0.880365, 0.324073, -35.004833, -5.265022, 0.205792, 0.169225, 0.041629, 63.952708]
-2.0386900901794434 --- [0.248176, 0.290507, 0.145367, -0.030935, 0.012986, 0.135256, -0.066052, 0.145473, -0.06666, 0.262857, 0.643804, 1.27822, 0.821318, 0.188633, -33.827274, 3.930703, 0.203165, 0.256017, 0.057025, 52.758433]
-2.6803197860717773 --- [0.265885, 0.214877, 0.159104, -0.08932, 0.042637, 0.095738, -0.050868, 0.13245, -0.068938, 0.154013, 0.540115, 1.408678, 1.16115, 0.658686, -37.204692, 1.095565, 0.183318, 0.205807, -0.001914, 66.748801]
-2.3442702293395996 --- [0.232145, 0.300403, 0.169625, -0.014423, 0.021118, 0.111085, -0.048628, 0.122436, -0.107996, 0.111084, 0.538974, 1.343871, 0.83813, 0.472085, -37.365409, 5.041145, 0.207182, 0.224574, 0.004727, 64.710149]
-2.4697699546813965 --- [0.248806, 0.319034, 0.169776, -0.033062, 0.066554, 0.088406, -0.042752, 0.129066, -0.065555, 0.164324, 0.580307, 1.301463, 0.97364, 0.658679, -41.291622, -0.737982, 0.233358, 0.229608, 0.050505, 59.464805]
-2.258279800415039 --- [0.229054, 0.242298, 0.171255, -0.073005, 0.011095, 0.121575, -0.062924, 0.144576, -0.066795, 0.170949, 0.713426, 1.21003, 0.966935, 0.552846, -35.14058, 5.557439, 0.236485, 0.225399, 0.003033, 57.357123]
-2.426809787750244 --- [0.199071, 0.249234, 0.168124, -0.077543, -0.025056, 0.09106, -0.048329, 0.146575, -0.089137, 0.157298, 0.771599, 1.308211, 0.802998, 0.445545, -39.06489, 3.710084, 0.197275, 0.189911, 0.048002, 54.502445]
-2.4413399696350098 --- [0.218071, 0.267719, 0.146946, -0.040657, 0.008238, 0.129835, -0.051376, 0.115949, -0.093436, 0.256157, 0.475992, 1.341127, 0.644276, 0.759628, -48.296726, -0.34371, 0.235489, 0.221062, 0.011311, 49.068626]
-2.3556299209594727 --- [0.20868, 0.324522, 0.135859, -0.098246, -0.002172, 0.072876, -0.095489, 0.126326, -0.047208, 0.194526, 0.434597, 1.247163, 0.578601, 0.857166, -45.881464, -0.803682, 0.300441, 0.206414, 0.052751, 50.659586]
-2.522980213165283 --- [0.201229, 0.217386, 0.175164, -0.087458, 0.013409, 0.11586, -0.048551, 0.139821, -0.054791, 0.192582, 0.709034, 1.403163, 0.738354, 1.04921, -39.951665, 5.903217, 0.235309, 0.161848, 0.013713, 56.650006]
-2.5221800804138184 --- [0.230967, 0.317367, 0.183654, -0.009401, -0.043268, 0.083973, -0.040114, 0.117399, -0.096749, 0.174808, 0.486643, 1.254018, 0.50504, 0.562381, -50.170387, 6.775049, 0.250456, 0.203122, -0.014928, 50.360049]
-2.6384100914001465 --- [0.205514, 0.305711, 0.186579, 0.014633, 0.003115, 0.069693, -0.042707, 0.124298, -0.083189, 0.198596, 0.306886, 1.141558, 0.893863, 0.595773, -35.537758, 7.465459, 0.231155, 0.18217, 0.004187, 56.594465]
-2.450270175933838 --- [0.285255, 0.3294, 0.197614, -0.044654, -0.005748, 0.092164, -0.054543, 0.125726, -0.115141, 0.200051, 0.478979, 1.503691, 0.720523, 0.400831, -42.427954, -2.061669, 0.231856, 0.172884, 0.051648, 46.51722]
-2.343900203704834 --- [0.242598, 0.336694, 0.210063, -0.036963, -0.010724, 0.108013, -0.050297, 0.142592, -0.068707, 0.142744, 0.339243, 1.445835, 1.039943, 0.391428, -30.696063, 5.71388, 0.223279, 0.204997, 0.004061, 53.879792]
-2.417789936065674 --- [0.241198, 0.293354, 0.18226, -0.006627, 0.036561, 0.116534, -0.048801, 0.141993, -0.079959, 0.221973, 0.589064, 1.510811, 0.762014, 0.802591, -30.183805, 4.823804, 0.19349, 0.173535, 0.018219, 57.118084]
-1.8941497802734375 --- [0.242043, 0.298389, 0.163963, -0.017208, -0.008182, 0.139763, -0.070658, 0.126753, -0.015254, 0.209749, 0.429949, 1.627751, 0.496437, 0.742788, -47.417812, -0.003223, 0.222153, 0.189058, 0.028146, 61.86348]
-2.310579776763916 --- [0.272492, 0.30297, 0.178624, -0.03431, -0.022736, 0.088825, -0.047964, 0.14007, -0.038399, 0.215591, 0.820733, 1.151906, 0.970735, 0.715907, -52.105614, 4.269811, 0.236167, 0.179775, 0.0204, 49.787591]
-2.576479911804199 --- [0.213093, 0.296202, 0.162412, -0.052238, 0.02891, 0.078787, -0.064298, 0.140609, -0.070045, 0.192944, 0.47458, 1.064023, 0.881367, 0.501743, -44.780143, 3.676299, 0.285587, 0.155993, 0.023851, 51.703799]
-2.13923978805542 --- [0.255226, 0.331212, 0.163481, -0.03636, 0.047899, 0.119332, -0.062681, 0.127079, -0.109526, 0.078036, 0.308365, 1.292677, 0.922981, 0.561297, -42.133428, 5.586483, 0.255933, 0.128281, 0.035683, 60.069599]
-2.2527599334716797 --- [0.218696, 0.283864, 0.197617, -0.048467, -0.003562, 0.11675, -0.051681, 0.143332, -0.066622, 0.220306, 0.403036, 1.379274, 0.953734, 0.702968, -43.547117, 0.192259, 0.237355, 0.18822, 0.067791, 44.994561]
-2.2561302185058594 --- [0.278383, 0.298045, 0.132713, -0.032111, 0.020979, 0.14011, -0.044704, 0.140426, -0.070502, 0.14832, 0.522767, 1.444542, 0.796172, 0.665488, -36.255842, 9.423448, 0.233831, 0.197619, 0.031819, 51.462518]
-2.554450035095215 --- [0.265286, 0.271943, 0.166523, -0.03096, 0.032787, 0.104882, -0.043615, 0.129401, -0.068549, 0.223986, 0.524623, 1.4257, 0.744708, 0.706735, -32.023358, -4.27602, 0.211557, 0.13988, 0.05354, 50.78874]
-2.611070156097412 --- [0.296766, 0.244655, 0.175991, -0.028848, -0.011072, 0.096188, -0.059346, 0.139254, -0.042217, 0.143458, 0.513398, 1.401582, 0.811739, 0.59247, -28.438637, 2.935887, 0.213817, 0.155826, 0.029214, 51.031609]
-2.228149890899658 --- [0.248429, 0.29272, 0.154015, -0.062601, -0.024076, 0.124242, -0.0607, 0.13801, -0.082135, 0.163972, 0.425266, 1.328905, 0.941712, 0.91124, -40.204503, -3.454298, 0.215666, 0.110755, 0.049942, 45.991256]
-2.4242300987243652 --- [0.25799, 0.270592, 0.173208, -0.034801, 0.011764, 0.103236, -0.046654, 0.136557, -0.047791, 0.18136, 0.420406, 1.299977, 1.093073, 0.877411, -33.676788, 2.07958, 0.250668, 0.13791, 0.084606, 56.659299]
-2.4583001136779785 --- [0.216086, 0.270169, 0.203499, -0.079768, 0.033517, 0.133265, -0.083978, 0.144261, -0.035004, 0.153545, 0.512373, 1.323458, 0.820134, 0.614804, -29.070683, 1.532648, 0.22817, 0.065448, 0.031623, 47.695294]
-2.0292201042175293 --- [0.254157, 0.214962, 0.163094, -0.109011, 0.010017, 0.099257, -0.059881, 0.149511, -0.021296, 0.172133, 0.488764, 1.312877, 0.653996, 0.646395, -33.754283, 0.621828, 0.185583, 0.164361, 0.050108, 43.666571]
-2.4522900581359863 --- [0.207104, 0.23964, 0.176898, -0.026079, 0.019258, 0.133979, -0.058846, 0.14319, -0.078961, 0.146392, 0.148058, 1.072096, 1.040237, 0.744979, -27.996437, -0.145573, 0.291346, 0.072736, 0.090484, 58.265862]
-2.746260166168213 --- [0.225676, 0.273094, 0.154553, -0.05157, 0.007891, 0.104789, -0.07669, 0.132108, -0.033785, 0.130638, 0.559371, 1.483166, 0.832163, 0.71852, -35.949022, 0.473166, 0.24758, 0.188051, 0.077605, 54.323332]
-2.498610019683838 --- [0.209595, 0.294031, 0.187609, -0.048322, 0.025898, 0.136142, -0.063118, 0.128221, 0.00962, 0.172157, 0.400336, 1.353414, 0.888553, 0.435702, -33.707322, -4.047167, 0.242495, 0.139639, 0.049022, 50.085134]
-2.541609764099121 --- [0.258179, 0.285447, 0.199213, -0.069715, 0.034415, 0.110263, -0.040062, 0.143919, -0.052196, 0.210695, 0.276118, 1.709291, 0.909592, 0.620513, -31.552906, -4.425821, 0.245894, 0.171172, 0.05355, 53.928756]
-2.4013500213623047 --- [0.25479, 0.305508, 0.155445, -0.087172, -0.051438, 0.099154, -0.073026, 0.133739, -0.042277, 0.214008, 0.404244, 1.380857, 0.77749, 1.02961, -47.553342, 4.270974, 0.213674, 0.149034, 0.03312, 47.174446]
-2.3199400901794434 --- [0.296881, 0.295802, 0.185292, -0.039436, -0.01146, 0.085032, -0.063752, 0.141235, -0.047018, 0.133187, 0.420781, 1.599429, 0.778674, 0.526503, -26.439589, 2.296808, 0.144756, 0.11217, 0.072019, 52.74409]
-2.6820502281188965 --- [0.242496, 0.223003, 0.193438, -0.094734, 0.04055, 0.125812, -0.06687, 0.145285, -0.021467, 0.131539, 0.485909, 1.337222, 0.714238, 0.360797, -47.738711, -3.454542, 0.192786, 0.151326, 0.059632, 46.565815]
-3.4358901977539062 --- [0.260794, 0.257435, 0.104138, -0.050892, 0.003617, 0.105379, -0.090167, 0.127961, -0.02203, 0.191162, 0.51535, 1.491062, 0.978283, 0.737931, -44.602167, -2.806294, 0.281636, 0.140393, 0.057846, 50.956522]
-2.502419948577881 --- [0.256477, 0.267713, 0.181787, -0.063129, 0.062814, 0.083316, -0.043243, 0.151772, -0.023098, 0.1723, 0.366776, 1.682101, 1.050091, 0.631981, -53.068243, 4.444854, 0.239099, 0.192432, 0.024357, 47.708484]
-1.5795001983642578 --- [0.247819, 0.337104, 0.158866, -0.052318, 0.043718, 0.107787, -0.078714, 0.134308, -0.054504, 0.18221, 0.473069, 1.374701, 1.001362, 0.801837, -39.962805, -4.282871, 0.22886, 0.16516, 0.057395, 51.108698]
-2.046720027923584 --- [0.20118, 0.288871, 0.168378, -0.070684, 0.046837, 0.093909, -0.093154, 0.142888, -0.036935, 0.128457, 0.507483, 1.667984, 1.048679, 0.86063, -45.885273, -2.49027, 0.243804, 0.121867, 0.051735, 58.569922]
-2.8516597747802734 --- [0.207409, 0.282725, 0.150624, -0.023301, 0.02224, 0.106782, -0.052455, 0.140646, -0.018985, 0.122642, 0.574978, 1.262417, 1.046208, 0.744984, -46.736881, -5.060394, 0.179495, 0.194696, 0.040698, 51.876899]
-2.4040298461914062 --- [0.20467, 0.281306, 0.158392, -0.001662, 0.002327, 0.094547, -0.064302, 0.145968, -0.054829, 0.123546, 0.663988, 1.19299, 0.94056, 0.864488, -39.426147, -1.960227, 0.144226, 0.210705, 0.046166, 54.009326]
-2.497109889984131 --- [0.22484, 0.305631, 0.183887, -0.027124, -0.051239, 0.107278, -0.046401, 0.140343, -0.049218, 0.220166, 0.682743, 1.473483, 0.959983, 0.840567, -51.180934, -6.590616, 0.287002, 0.221418, 0.049517, 48.799054]
-2.6666598320007324 --- [0.249589, 0.270607, 0.124369, -0.066164, 7.9E-4, 0.102678, -0.075276, 0.137859, -0.049051, 0.286736, 0.405729, 1.369754, 0.851237, 0.698853, -36.497521, -1.378678, 0.226655, 0.165861, 0.028424, 55.668437]
-2.6758499145507812 --- [0.19476, 0.322424, 0.183647, -0.118379, 1.39E-4, 0.119706, -0.066774, 0.147561, -0.029257, 0.227749, 0.53054, 1.557965, 0.882544, 0.956741, -29.469334, -1.509058, 0.243292, 0.214404, 0.040247, 55.114646]
-2.0939598083496094 --- [0.22824, 0.33063, 0.132912, -0.088695, 0.034211, 0.120769, -0.077208, 0.126697, -0.087704, 0.192005, 0.507204, 1.343613, 0.988502, 0.62872, -42.487813, -6.956779, 0.265883, 0.200609, 0.068128, 61.018792]
-2.2387399673461914 --- [0.191245, 0.305731, 0.157149, -0.044651, 0.044281, 0.095491, -0.057254, 0.138134, -0.051133, 0.222097, 0.46404, 1.387412, 0.761928, 0.736886, -43.931969, -7.576452, 0.263454, 0.123803, 0.046563, 50.136078]
-2.478529930114746 --- [0.230804, 0.292479, 0.163065, -0.050258, 0.022646, 0.10637, -0.086031, 0.129376, -0.044706, 0.217812, 0.522503, 1.57085, 0.986273, 0.729612, -35.404482, -2.400929, 0.241526, 0.111818, 0.030621, 52.901637]
-2.506499767303467 --- [0.184427, 0.303565, 0.141313, -0.030162, 3.86E-4, 0.107186, -0.093946, 0.130424, -0.046142, 0.173978, 0.415031, 1.533204, 1.031969, 0.613136, -34.666156, -2.486422, 0.177286, 0.123947, 0.076766, 53.714606]
-2.2192301750183105 --- [0.204229, 0.316355, 0.163363, -0.061414, 0.024626, 0.089515, -0.087087, 0.124885, -0.025814, 0.198274, 0.607953, 1.475172, 1.032204, 0.664901, -42.126744, -5.912539, 0.236956, 0.203899, 0.038439, 50.91266]
-2.385580062866211 --- [0.190821, 0.295765, 0.179998, -0.086208, 0.014257, 0.08135, -0.073532, 0.127174, -0.020794, 0.134173, 0.378311, 1.362455, 1.058578, 0.722286, -44.716113, -4.645597, 0.214877, 0.171056, 0.061451, 55.502638]
-2.471439838409424 --- [0.225518, 0.271576, 0.206002, -0.056967, 0.021327, 0.085581, -0.051677, 0.135542, -0.077931, 0.158654, 0.399495, 1.539104, 0.754278, 0.89805, -43.09886, -2.641057, 0.216815, 0.169259, 0.049065, 52.707767]
-2.356070041656494 --- [0.195701, 0.309985, 0.195454, -0.046002, 0.001838, 0.083706, -0.071802, 0.143284, -0.06849, 0.187503, 0.521521, 1.647221, 0.786274, 0.663112, -35.155258, -0.905462, 0.236283, 0.152028, 0.054846, 54.728588]
-2.645860195159912 --- [0.188727, 0.302124, 0.202894, -0.060515, 0.006598, 0.080574, -0.075589, 0.130769, -0.024741, 0.246683, 0.517352, 1.351303, 0.982581, 0.626882, -40.483742, 1.265908, 0.260648, 0.141766, 0.05361, 61.319559]
-2.7043399810791016 --- [0.182395, 0.343508, 0.167588, -0.055225, 0.039329, 0.085466, -0.049713, 0.136034, -0.075134, 0.18379, 0.548831, 1.337934, 1.076244, 0.840179, -39.506999, -3.503389, 0.250335, 0.084476, 0.043632, 53.429378]
-2.5166101455688477 --- [0.213305, 0.359211, 0.158604, -0.047793, 0.06411, 0.114966, -0.071793, 0.143163, -0.06707, 0.237555, 0.450266, 1.531026, 1.135301, 0.888156, -38.225329, -0.865994, 0.202438, 0.136029, 0.054757, 52.123524]
-2.86253023147583 --- [0.213658, 0.354002, 0.148093, -0.053022, 0.032028, 0.099084, -0.04844, 0.125446, -0.096563, 0.140771, 0.579411, 1.455301, 0.897097, 0.897938, -37.862429, 1.253505, 0.279042, 0.135241, 0.030477, 50.182731]
-2.3952698707580566 --- [0.215856, 0.354981, 0.144605, -0.079948, 0.062511, 0.111386, -0.06775, 0.145149, -0.05381, 0.158179, 0.376692, 1.498483, 0.938481, 0.998745, -37.857417, -2.324112, 0.216674, 0.116742, 0.025624, 45.399077]
-2.546800136566162 --- [0.209231, 0.343718, 0.1592, -0.055961, 0.014145, 0.071956, -0.069255, 0.136433, -0.030774, 0.123205, 0.326701, 1.56135, 1.088075, 1.115153, -50.486635, -6.655178, 0.237753, 0.052752, 0.015581, 47.273291]
-2.0341901779174805 --- [0.231847, 0.301448, 0.149845, -0.051453, 0.035597, 0.064863, -0.05244, 0.133741, -0.072047, 0.15141, 0.436314, 1.848023, 0.990165, 1.013206, -40.895016, -0.110204, 0.210265, 0.148904, 0.051507, 43.884427]
-2.5932798385620117 --- [0.212163, 0.313854, 0.15396, -0.047142, 0.067265, 0.088326, -0.066084, 0.14716, -0.040045, 0.117726, 0.502791, 1.49096, 1.071628, 0.818789, -44.66668, -0.871056, 0.243868, 0.100916, 0.048997, 49.961262]
-2.569620132446289 --- [0.222914, 0.24271, 0.159015, -0.070848, 0.090423, 0.071576, -0.048795, 0.124837, -0.096609, 0.238838, 0.528789, 1.164259, 1.097703, 1.021256, -35.703886, 4.397104, 0.266331, 0.099397, 0.018371, 53.213722]
-2.381549835205078 --- [0.205944, 0.295149, 0.180603, -0.060298, 0.015645, 0.090311, -0.070466, 0.142105, -0.038891, 0.145685, 0.433828, 1.223593, 1.035215, 1.036688, -32.600118, -4.158203, 0.311067, 0.113359, 0.040597, 45.534631]
-2.372270107269287 --- [0.240145, 0.292621, 0.162669, -0.068879, 0.039324, 0.103228, -0.100308, 0.117927, -3.48E-4, 0.216243, 0.61349, 1.358094, 1.140727, 1.012377, -33.216441, 1.491653, 0.295226, 0.06076, 0.022, 48.874883]
-2.2801599502563477 --- [0.267208, 0.235441, 0.171663, -0.012517, 0.075879, 0.095347, -0.046044, 0.119744, -0.083099, 0.202496, 0.677013, 1.253035, 0.916938, 0.987665, -45.001282, 1.920507, 0.277683, 0.108452, 0.04299, 43.564707]
-2.616270065307617 --- [0.227225, 0.276095, 0.153156, -0.048433, 0.092565, 0.076851, -0.053931, 0.137874, -0.037727, 0.215906, 0.508451, 1.135636, 0.896241, 1.037758, -50.869049, 8.948876, 0.283603, 0.086078, 0.051673, 49.319244]
-2.150710105895996 --- [0.250252, 0.24956, 0.173802, -0.087196, 0.023981, 0.087124, -0.073597, 0.12298, -0.015859, 0.113448, 0.727029, 1.651591, 0.933364, 0.795935, -41.268761, 7.870859, 0.344349, 0.06356, 0.032487, 50.285162]
-2.2933998107910156 --- [0.232292, 0.289884, 0.203222, -0.08602, 0.068131, 0.080152, -0.077638, 0.128691, -0.023275, 0.130712, 0.474178, 1.367869, 0.923025, 0.976219, -35.010389, -2.796084, 0.316601, 0.082177, 0.030889, 41.235869]
-2.6012401580810547 --- [0.22089, 0.266561, 0.167248, -0.099621, 0.05909, 0.123934, -0.061412, 0.142586, -0.03642, 0.138366, 0.575706, 1.205008, 0.962598, 1.232435, -38.776493, 7.510879, 0.209677, 0.142277, 0.025579, 45.149119]
-2.6118898391723633 --- [0.231526, 0.2556, 0.192257, -0.047244, 0.023516, 0.079332, -0.052342, 0.131299, -0.068031, 0.161133, 0.699489, 1.633653, 1.02028, 0.830316, -33.129757, -4.39758, 0.261777, 0.14756, 0.064332, 48.041229]
-2.513160228729248 --- [0.234264, 0.301764, 0.162422, -0.071456, 0.019905, 0.075527, -0.073046, 0.149313, -0.036888, 0.090244, 0.560286, 1.302754, 0.873737, 0.926366, -39.313542, 7.05529, 0.167696, 0.111278, 0.044045, 50.419738]
-2.413670063018799 --- [0.253589, 0.235314, 0.142544, -0.064351, 0.052687, 0.109083, -0.060607, 0.133006, -0.025148, 0.108985, 0.494366, 1.395247, 0.715156, 0.982875, -42.760511, -1.712956, 0.212108, 0.218933, 0.063001, 53.452887]
-2.4597702026367188 --- [0.210002, 0.194701, 0.168774, -0.101717, 0.017987, 0.048472, -0.083379, 0.13974, -0.054776, 0.175023, 0.446958, 1.457799, 0.741889, 0.895924, -32.997525, -4.517448, 0.241378, 0.174564, 0.042199, 59.632529]
-1.7444400787353516 --- [0.268824, 0.237612, 0.146362, -0.057865, 0.005958, 0.081173, -0.096907, 0.126241, -0.010455, 0.115798, 0.588988, 1.51152, 0.907859, 1.222098, -42.473634, -1.976433, 0.262038, 0.201841, 0.036264, 55.763804]
-2.116459846496582 --- [0.25457, 0.277381, 0.140582, -0.068386, 0.050084, 0.083023, -0.08976, 0.139727, -0.042168, 0.107631, 0.59877, 1.39232, 1.083262, 1.244816, -33.619596, 6.664041, 0.299392, 0.121242, 0.026674, 48.703489]
-2.5588297843933105 --- [0.288944, 0.281408, 0.167333, -0.083082, 0.007386, 0.07311, -0.078178, 0.128178, -0.004892, 0.057125, 0.679181, 1.364675, 0.988151, 1.245075, -37.090899, 4.521444, 0.253574, 0.14923, 0.073092, 49.987486]
-2.510119915008545 --- [0.253267, 0.21077, 0.109804, -0.029091, 0.013406, 0.073317, -0.04939, 0.132701, -0.07162, 0.148953, 0.556558, 1.474808, 0.954281, 1.05644, -37.557137, -1.893306, 0.335692, 0.155863, 0.039585, 41.270893]
-2.7915902137756348 --- [0.299551, 0.27798, 0.161094, -0.01964, 0.019949, 0.080597, -0.049574, 0.127781, -0.081403, 0.1038, 0.437769, 1.362607, 0.848732, 1.149945, -42.707376, 6.403947, 0.229811, 0.165921, 0.017779, 48.850955]
-2.0329699516296387 --- [0.284256, 0.27844, 0.186077, -0.046678, -0.005554, 0.058143, -0.045409, 0.127069, -0.060733, 0.139122, 0.713752, 1.448352, 0.877493, 1.105202, -39.115139, 2.722932, 0.301318, 0.154994, 0.050846, 46.625626]
-2.5203399658203125 --- [0.254493, 0.283179, 0.168398, -0.046439, 0.031223, 0.087563, -0.070536, 0.144527, -0.08494, 0.071541, 0.498448, 1.273833, 1.003889, 1.011333, -32.768156, -2.988397, 0.259314, 0.111918, 0.021044, 45.519212]
-2.5296401977539062 --- [0.303457, 0.274664, 0.156554, -0.124891, -0.00123, 0.07461, -0.043079, 0.124025, -0.078427, 0.146164, 0.617547, 1.444913, 0.960996, 1.005299, -47.516121, -3.362206, 0.303011, 0.135693, 0.058551, 48.974082]
-2.547450065612793 --- [0.290916, 0.308906, 0.134969, -0.019209, 0.04369, 0.109113, -0.065723, 0.134084, -0.076177, 0.129428, 0.518393, 1.328215, 0.902017, 1.221562, -42.168933, -1.278207, 0.274558, 0.144549, 0.064686, 45.119314]
-2.323629856109619 --- [0.323676, 0.284137, 0.150114, -0.055434, 0.058944, 0.043242, -0.058666, 0.144651, -0.081611, 0.100476, 0.419321, 1.674276, 1.112923, 1.244866, -45.461664, -3.657411, 0.205947, 0.206927, 0.020238, 44.906791]
-2.636960029602051 --- [0.309898, 0.256442, 0.123492, -0.053256, 0.013218, 0.0862, -0.057087, 0.149771, -0.036644, 0.182594, 0.387751, 1.475879, 0.923556, 1.275582, -42.518197, 0.553046, 0.323554, 0.171523, 0.046038, 38.968054]
-2.5478901863098145 --- [0.300768, 0.325405, 0.146929, -0.039987, 0.054633, 0.12165, -0.075051, 0.134648, -0.034804, 0.145508, 0.538895, 1.175712, 0.904995, 1.270114, -40.846406, 3.76669, 0.306376, 0.176805, 0.01045, 46.137977]
-2.603250026702881 --- [0.320854, 0.294947, 0.158655, -0.043526, -0.006352, 0.065194, -0.077927, 0.133461, -0.031361, 0.077372, 0.348774, 1.427625, 1.116186, 1.21676, -45.130678, 0.759167, 0.298592, 0.154818, 0.026661, 48.909265]
-2.334400177001953 --- [0.285415, 0.321925, 0.189151, -0.06828, 0.090002, 0.087272, -0.091865, 0.138995, -0.067631, 0.161975, 0.501971, 1.31447, 0.62968, 1.267387, -37.842148, -2.36962, 0.244621, 0.137905, 0.071832, 49.945119]
-2.594979763031006 --- [0.294141, 0.345087, 0.14352, -0.061988, 0.026746, 0.06424, -0.069549, 0.132274, -0.033501, 0.151637, 0.445989, 1.42624, 0.937333, 1.093276, -37.144932, 7.728806, 0.235473, 0.116315, 0.019895, 43.742829]
-2.402939796447754 --- [0.324615, 0.267609, 0.152516, -0.043017, 0.03805, 0.070747, -0.062517, 0.137204, -0.016275, 0.163354, 0.545673, 1.291577, 0.779739, 0.814181, -43.412854, 9.442965, 0.180038, 0.133917, 0.008426, 54.6806]
-2.7172598838806152 --- [0.352495, 0.31066, 0.141422, -0.046625, 0.076815, 0.050057, -0.078535, 0.134817, -0.048661, 0.086074, 0.515878, 1.422446, 0.968522, 1.059795, -33.56115, -1.156861, 0.27321, 0.16117, 0.016417, 47.024075]
-2.266079902648926 --- [0.350792, 0.320559, 0.156324, -0.054704, 0.048929, 0.07176, -0.098639, 0.120927, -0.003139, 0.153586, 0.488273, 1.465766, 0.636389, 1.334379, -37.577186, 3.825294, 0.233489, 0.191872, 0.025029, 46.463824]
-2.3734397888183594 --- [0.305468, 0.252446, 0.201499, -0.035565, 0.042598, 0.093085, -0.048096, 0.130482, -0.084104, 0.10159, 0.36414, 1.104997, 1.110511, 1.108622, -48.787043, 8.35142, 0.215376, 0.141173, 0.035337, 39.365031]
-2.19996976852417 --- [0.371547, 0.296035, 0.168978, -0.067875, 0.072804, 0.068574, -0.10493, 0.123718, -0.037443, 0.1662, 0.56262, 1.58173, 0.652519, 1.111658, -45.10038, 2.242158, 0.186835, 0.228003, 0.022079, 53.956875]
-2.5773401260375977 --- [0.296542, 0.24349, 0.16111, -0.040704, 0.025924, 0.072215, -0.051168, 0.134181, -0.060932, 0.163814, 0.403016, 1.606502, 0.96719, 1.144755, -50.926846, 0.805011, 0.282455, 0.143197, 0.012529, 55.774673]
-1.428420066833496 --- [0.358257, 0.277975, 0.178025, -0.018374, 0.112202, 0.131441, -0.054264, 0.135261, -0.061584, 0.183993, 0.400682, 1.545572, 0.988505, 0.95312, -37.320195, 5.992251, 0.196949, 0.182654, 0.029577, 44.551109]
-2.6374502182006836 --- [0.304262, 0.295326, 0.208052, -0.036707, 0.1121, 0.090286, -0.047172, 0.141215, -0.040719, 0.145839, 0.538966, 1.369347, 0.543298, 1.250682, -37.942414, 5.69639, 0.205045, 0.230789, -0.014635, 55.976841]
-2.4788899421691895 --- [0.29641, 0.243051, 0.154111, -0.037971, 0.077328, 0.107337, -0.047907, 0.130393, 0.001965, 0.131416, 0.489087, 1.339322, 0.898004, 1.213604, -37.224736, -5.444226, 0.298948, 0.162511, 0.019971, 48.899125]
-2.4512500762939453 --- [0.326579, 0.315643, 0.183642, -0.041206, 0.057367, 0.076144, -0.05283, 0.127042, -0.082504, 0.138563, 0.614048, 1.583323, 0.941595, 1.015624, -43.083697, -6.254345, 0.189825, 0.200354, 0.037138, 51.738987]
-2.737649917602539 --- [0.315374, 0.311746, 0.155178, -0.051162, 0.029335, 0.085986, -0.045175, 0.137691, -0.033142, 0.163599, 0.595738, 1.391852, 0.908617, 1.147314, -32.750096, 5.266229, 0.118912, 0.185808, 0.029051, 47.866696]
-2.4188098907470703 --- [0.300684, 0.307014, 0.183003, -0.040365, 0.084463, 0.100621, -0.059403, 0.144217, -0.029476, 0.166108, 0.416994, 1.321571, 0.816996, 1.163578, -35.296704, 1.33148, 0.132126, 0.168874, 0.038096, 49.084744]
-2.354990005493164 --- [0.360428, 0.308042, 0.156283, 0.002266, 0.045215, 0.093967, -0.099656, 0.13449, -0.031802, 0.130317, 0.41859, 1.463562, 1.000169, 0.907368, -38.664681, -0.371324, 0.256878, 0.153386, 0.030987, 57.982661]
-2.572159767150879 --- [0.294924, 0.277404, 0.154292, -0.038437, 0.072391, 0.086521, -0.063357, 0.138585, -0.030584, 0.141379, 0.574263, 1.328444, 0.758188, 0.746739, -31.885784, 0.414146, 0.234325, 0.166414, 0.032292, 55.394788]
-2.665520191192627 --- [0.290694, 0.328096, 0.171761, -0.00434, 0.062917, 0.073323, -0.075129, 0.129433, -0.025631, 0.17735, 0.61002, 1.425246, 0.921555, 0.805059, -42.809045, -5.410495, 0.204808, 0.209749, 0.049308, 55.206742]
-2.589980125427246 --- [0.295088, 0.317387, 0.164018, -0.033386, 0.083078, 0.076037, -0.056535, 0.139158, -0.037476, 0.12651, 0.483873, 1.527405, 0.817206, 1.055822, -37.201395, -5.885871, 0.250279, 0.11195, 0.020312, 45.205721]
-2.4549598693847656 --- [0.322854, 0.28765, 0.150321, -0.083139, 0.045153, 0.095592, -0.053869, 0.133592, -0.072046, 0.136189, 0.784952, 1.603799, 0.828953, 1.122928, -34.144669, -4.132382, 0.204701, 0.201543, 0.058176, 52.379152]
-2.3785300254821777 --- [0.320321, 0.315553, 0.153891, -0.021935, 0.060656, 0.062788, -0.086305, 0.13137, -0.047122, 0.135284, 0.484782, 1.206011, 0.888328, 1.080177, -40.077195, -1.711854, 0.192157, 0.191036, 0.022922, 48.6518]
-2.4354400634765625 --- [0.359747, 0.322127, 0.142025, -0.012428, 0.100224, 0.072049, -0.087441, 0.133201, -0.020542, 0.115368, 0.527539, 1.271352, 0.893749, 1.218447, -34.653493, -5.913393, 0.229803, 0.091855, 0.037966, 53.486706]
-2.052499771118164 --- [0.321504, 0.238944, 0.144165, -0.011879, 0.123712, 0.075858, -0.093189, 0.12345, -0.042144, 0.12269, 0.627661, 1.488165, 0.820862, 0.88005, -32.258246, 6.995572, 0.180779, 0.130933, 0.028631, 44.888741]
-2.3809099197387695 --- [0.331997, 0.29352, 0.184898, 0.017737, 0.108337, 0.080526, -0.060782, 0.14042, -0.03387, 0.171155, 0.602068, 1.266118, 0.688453, 1.169461, -34.578275, -8.143033, 0.25615, 0.133495, 0.052809, 47.881662]
-2.4152297973632812 --- [0.289366, 0.269357, 0.170011, 0.01616, 0.136052, 0.110066, -0.050273, 0.136166, -0.07663, 0.170327, 0.418214, 1.142363, 0.659147, 1.224256, -43.692598, -1.842207, 0.127114, 0.182935, 5.64E-4, 50.619974]
-2.519559860229492 --- [0.227551, 0.268982, 0.20221, -0.042287, 0.086954, 0.091309, -0.050359, 0.126002, -0.082024, 0.148257, 0.507279, 1.26218, 0.513779, 1.129865, -50.828612, 3.944148, 0.227751, 0.098005, 0.038269, 42.29982]
-2.432119846343994 --- [0.244622, 0.327614, 0.216692, 0.001792, 0.048095, 0.06698, -0.040399, 0.130144, -0.084817, 0.151998, 0.369917, 1.381611, 0.919904, 1.000467, -31.320057, -2.047788, 0.163873, 0.130818, -0.001337, 42.996178]
-3.0018701553344727 --- [0.291365, 0.308414, 0.170508, 0.006362, 0.08827, 0.096422, -0.050257, 0.137892, 0.018918, 0.09846, 0.548204, 1.369263, 0.699868, 1.225997, -27.955302, -3.296424, 0.280903, 0.054478, -3.76E-4, 49.423171]
-2.351759910583496 --- [0.294841, 0.295205, 0.14749, 0.023677, 0.030282, 0.095485, -0.062781, 0.137897, -0.081092, 0.14823, 0.580789, 1.369334, 0.335975, 1.377072, -36.56137, 10.057746, 0.23366, 0.109855, 0.015605, 46.933184]
-3.7223100662231445 --- [0.324274, 0.277645, 0.231274, 0.005617, 0.068991, 0.106713, -0.053259, 0.125906, -0.088504, 0.113959, 0.5074, 1.129387, 0.098943, 1.237687, -39.049316, 0.359664, 0.114437, 0.106537, -0.036259, 43.541978]
-2.2022199630737305 --- [0.31261, 0.290219, 0.225628, 0.031186, 0.102706, 0.095455, -0.077937, 0.148411, -0.02956, 0.136797, 0.427928, 1.370103, 0.579557, 1.088437, -44.535271, -2.52244, 0.134427, 0.248554, 0.007648, 52.925424]
-2.535170078277588 --- [0.338105, 0.297931, 0.223681, 0.036282, 0.013463, 0.095438, -0.065016, 0.146687, -0.020762, 0.138658, 0.313963, 1.465107, 0.569412, 0.676132, -46.107024, 0.529179, 0.240802, 0.172235, -0.035094, 58.454975]
-2.1721301078796387 --- [0.315738, 0.229905, 0.157495, 0.049696, 0.062922, 0.076169, -0.051627, 0.1268, -0.075115, 0.072015, 0.267787, 1.269063, 0.423746, 1.085964, -39.636732, 8.87732, 0.233066, 0.094007, 0.025083, 54.350128]
-2.7545995712280273 --- [0.333454, 0.322266, 0.191091, 0.045778, 0.051855, 0.071109, -0.051916, 0.130346, -0.086155, 0.108845, 0.53186, 1.148558, 0.582404, 1.283734, -48.894977, -4.599766, 0.221206, 0.0984, 0.011611, 53.699092]
-2.3109002113342285 --- [0.330001, 0.280982, 0.220137, 0.013948, 5.15E-4, 0.093932, -0.051529, 0.136896, -0.055692, 0.097811, 0.458041, 1.080053, 0.41688, 1.349656, -52.134055, -8.308815, 0.173918, 0.200525, -9.29E-4, 43.818989]
-2.3705902099609375 --- [0.358448, 0.226372, 0.190009, 0.07564, 0.067683, 0.074663, -0.077873, 0.134485, -0.082505, 0.08627, 0.429951, 1.418328, 0.32808, 1.329231, -51.243765, -9.541723, 0.146767, 0.171718, 0.040089, 50.133938]
-2.4422402381896973 --- [0.314441, 0.290893, 0.179749, 0.040137, 0.112793, 0.097893, -0.079359, 0.136238, -0.092843, 0.137794, 0.505527, 1.280015, 0.530225, 0.884407, -52.077371, -1.065813, 0.233182, 0.107223, 0.029045, 50.216751]
-2.5209598541259766 --- [0.253503, 0.237883, 0.209602, -0.007756, 0.060936, 0.076096, -0.069231, 0.130932, -0.101978, 0.137146, 0.302635, 1.304258, 0.616416, 1.135327, -41.548389, 1.910064, 0.209759, 0.170951, 0.023327, 54.496054]
-2.454470157623291 --- [0.337445, 0.225036, 0.211968, 0.02855, 0.060241, 0.093196, -0.053587, 0.117173, -0.103903, 0.108694, 0.409798, 1.13923, 0.513961, 1.361214, -34.139432, -10.04156, 0.167054, 0.127808, 0.030712, 46.969133]
-2.540860176086426 --- [0.304916, 0.245409, 0.253323, 0.018922, 0.056584, 0.107137, -0.050449, 0.129672, -0.093207, 0.164711, 0.400444, 1.324305, 0.440344, 1.003228, -32.891133, 5.575613, 0.18007, 0.169184, 0.048657, 55.679536]
-2.4274301528930664 --- [0.304708, 0.298719, 0.241724, 0.00807, 0.104018, 0.117397, -0.075224, 0.134438, -0.033164, 0.127949, 0.469809, 1.113703, 0.301936, 1.254431, -40.310377, -10.708234, 0.200424, 0.216657, 0.042677, 45.584372]
-2.7395501136779785 --- [0.273104, 0.259789, 0.241732, -0.033219, -1.76E-4, 0.071578, -0.073338, 0.133738, -0.039487, 0.085272, 0.383789, 1.057688, 0.217039, 1.266734, -43.625145, -8.707513, 0.216396, 0.142577, 0.067642, 37.825956]
-2.5186500549316406 --- [0.276745, 0.281097, 0.204857, 0.007118, 0.058271, 0.100641, -0.042571, 0.136076, -0.062957, 0.112316, 0.317803, 1.56015, 0.159976, 1.191111, -40.977593, -10.079565, 0.207816, 0.110552, 0.010537, 39.719518]
-2.493070125579834 --- [0.299249, 0.203101, 0.203504, 0.009334, -0.004813, 0.095407, -0.040716, 0.131123, -0.078538, 0.069023, 0.398355, 1.218705, 0.44481, 1.200073, -26.54027, -2.474881, 0.254187, 0.14458, 0.02433, 64.865598]
-2.444690227508545 --- [0.318476, 0.298822, 0.234064, 0.014817, 0.102738, 0.093652, -0.051202, 0.129751, -0.07212, 0.078858, 0.507595, 1.348692, 0.868475, 1.062748, -38.691945, -7.415003, 0.177028, 0.130726, 0.013273, 49.95022]
-2.5735998153686523 --- [0.320141, 0.271576, 0.243817, 0.01085, 0.05242, 0.086779, -0.045932, 0.138591, -0.048675, 0.125505, 0.366497, 1.352697, 0.69522, 1.172259, -37.347873, 2.171449, 0.20206, 0.164361, 0.037215, 50.061966]
-2.602789878845215 --- [0.292056, 0.287283, 0.2203, 0.006039, 0.08087, 0.090489, -0.048751, 0.135074, -0.044455, 0.091974, 0.445394, 1.258407, 0.488842, 1.367098, -50.774823, -10.205135, 0.123663, 0.180068, 0.017704, 55.202754]
-2.663090229034424 --- [0.31054, 0.248875, 0.221916, 0.057241, 0.025714, 0.097767, -0.043822, 0.124623, -0.081483, 0.144167, 0.411355, 1.404939, 0.50484, 1.201227, -44.522321, -6.310394, 0.172737, 0.143253, 0.026972, 54.012362]
-2.526780128479004 --- [0.271321, 0.23746, 0.203993, 0.025, 0.111206, 0.092745, -0.06406, 0.140968, -0.07601, 0.090559, 0.326446, 1.201884, 0.457143, 1.110602, -42.010948, -5.661814, 0.16775, 0.13217, -0.010412, 48.440006]
-2.3416099548339844 --- [0.251807, 0.311767, 0.200043, 0.001318, 0.054205, 0.089151, -0.049162, 0.137184, -0.082652, 0.10946, 0.43344, 1.42259, 0.652821, 1.011251, -40.635717, -10.280193, 0.202347, 0.198193, 0.074893, 49.85152]
-2.6711201667785645 --- [0.291791, 0.250152, 0.203696, 0.00315, 0.043229, 0.100439, -0.056704, 0.128714, -0.107009, 0.125978, 0.430798, 1.205946, 0.432861, 1.108149, -40.110765, -6.186746, 0.156952, 0.153858, 0.059552, 51.716936]
-2.3126301765441895 --- [0.297141, 0.243953, 0.239773, 0.001871, 0.072494, 0.089774, -0.044301, 0.117969, -0.081553, 0.14249, 0.377991, 1.213236, 0.552807, 1.552672, -31.67909, -1.370224, 0.150203, 0.155769, 0.054945, 54.06558]
-2.5712599754333496 --- [0.292495, 0.289142, 0.201488, 0.024446, 0.048351, 0.104042, -0.065665, 0.134458, -0.041015, 0.131448, 0.411036, 1.252113, 0.670446, 1.047555, -37.491403, -1.711354, 0.209438, 0.173595, 0.045875, 51.075521]
-2.3201398849487305 --- [0.219041, 0.284389, 0.218652, 0.014966, 0.029033, 0.100344, -0.048587, 0.132875, -0.03925, 0.162638, 0.580182, 1.157573, 0.647927, 0.973941, -34.471874, -10.847907, 0.163096, 0.194874, 0.029461, 58.550364]
-2.3739099502563477 --- [0.268864, 0.240929, 0.196766, 3.1E-5, 0.095657, 0.102617, -0.043427, 0.124509, -0.111863, 0.135547, 0.446471, 1.482223, 0.399235, 1.088754, -31.949834, -10.33473, 0.201657, 0.191074, 0.056622, 51.619165]
-2.7774901390075684 --- [0.285442, 0.265571, 0.175549, -0.00677, 0.023908, 0.08583, -0.04048, 0.118844, -0.110866, 0.125454, 0.362429, 1.444163, 0.623136, 1.010939, -37.904074, -12.524848, 0.238024, 0.160138, 0.052916, 49.637168]
-2.473680019378662 --- [0.26301, 0.310946, 0.213758, -0.016639, 0.026905, 0.118451, -0.059941, 0.143099, -0.08699, 0.169012, 0.317661, 1.214325, 0.346662, 0.840395, -39.177664, -2.479581, 0.224498, 0.183958, 0.062781, 52.992726]
-2.359950065612793 --- [0.266122, 0.294683, 0.252704, -0.014479, 0.033973, 0.068077, -0.041895, 0.123666, -0.078181, 0.151121, 0.528307, 1.228905, 0.307856, 0.996437, -37.238018, -8.572913, 0.231626, 0.16725, 0.045984, 50.203103]
-2.444890022277832 --- [0.293643, 0.272759, 0.216413, 0.019182, 0.007749, 0.10282, -0.054093, 0.135939, -0.075625, 0.149073, 0.363473, 1.035612, 0.556935, 1.164216, -46.236883, -9.726022, 0.218183, 0.173219, 0.040455, 48.304852]
-2.285059928894043 --- [0.259562, 0.249879, 0.258501, 0.011408, 0.069775, 0.092152, -0.083132, 0.129363, -0.048559, 0.123116, 0.477074, 1.161791, 0.388063, 0.983111, -37.326939, -11.720704, 0.318421, 0.183234, 0.092656, 56.675211]
-2.441460132598877 --- [0.258732, 0.268787, 0.200934, 0.006565, 0.007558, 0.108773, -0.053074, 0.136527, -0.044956, 0.118162, 0.410649, 1.147419, 0.518689, 1.16305, -41.796276, -6.738503, 0.233174, 0.146666, 0.073768, 54.063478]
-2.3028697967529297 --- [0.249053, 0.250842, 0.206756, 0.014393, -0.022919, 0.087109, -0.065103, 0.145819, -0.065275, 0.121171, 0.430012, 1.198222, 0.658607, 1.034399, -42.941907, -11.909735, 0.239135, 0.105642, 0.032714, 60.442092]
-2.447110176086426 --- [0.240201, 0.292011, 0.217635, 0.01896, 0.010567, 0.103225, -0.048621, 0.121473, -0.079133, 0.143082, 0.38603, 1.09645, 0.541742, 1.101195, -38.363143, -7.64284, 0.233575, 0.13275, 0.072821, 49.319719]
-2.581089973449707 --- [0.244648, 0.30259, 0.228491, 0.035477, 0.027961, 0.120978, -0.04217, 0.11381, -0.120636, 0.136917, 0.297322, 1.055921, 0.385404, 1.209555, -40.070333, -2.579532, 0.185861, 0.135875, 0.079473, 55.161344]
-2.493649959564209 --- [0.265642, 0.269749, 0.215742, 0.018767, 0.046285, 0.099482, -0.069869, 0.133526, -0.041937, 0.153076, 0.424071, 1.136274, 0.330049, 0.966258, -39.055099, -7.186441, 0.188636, 0.153648, 0.060377, 58.077942]
-1.7636003494262695 --- [0.266555, 0.291594, 0.255432, 0.009391, 0.047879, 0.098551, -0.040353, 0.132304, -0.086632, 0.080254, 0.388261, 1.15789, 0.519324, 0.96494, -31.682582, -5.060559, 0.193583, 0.128545, 0.0499, 56.401533]
-2.6600799560546875 --- [0.264304, 0.269768, 0.250345, 0.002532, 0.051675, 0.102177, -0.050479, 0.135357, -0.075874, 0.13466, 0.416775, 1.022987, 0.328079, 1.275395, -24.836243, -12.422032, 0.272503, 0.069425, 0.060036, 56.93425]
-2.296219825744629 --- [0.289608, 0.263479, 0.231474, 0.01595, 0.044047, 0.077509, -0.05084, 0.128458, -0.07917, 0.157765, 0.393357, 0.970075, 0.503011, 1.231872, -31.669364, -9.185977, 0.200467, 0.177869, 0.062759, 51.635708]
-2.445700168609619 --- [0.316075, 0.285621, 0.213141, 0.018019, 0.055309, 0.099217, -0.063693, 0.139472, -0.076195, 0.12976, 0.34152, 1.269685, 0.276025, 0.72523, -28.293869, -9.075781, 0.134634, 0.14688, 0.066178, 60.981234]
-2.6447901725769043 --- [0.300056, 0.296043, 0.246579, 0.005168, 0.028441, 0.100977, -0.056067, 0.128363, -0.096458, 0.09549, 0.302804, 1.202201, 0.354547, 1.025612, -37.31316, -12.34097, 0.223251, 0.079135, 0.062142, 59.50347]
-2.398129940032959 --- [0.298245, 0.264166, 0.226282, 0.0017, 0.062898, 0.094635, -0.048201, 0.115198, -0.092615, 0.127943, 0.336311, 1.148129, 0.479731, 1.132705, -35.269733, -12.077732, 0.213632, 0.179787, 0.059659, 53.098675]
-2.471859931945801 --- [0.295004, 0.284037, 0.230019, 0.011717, 0.05891, 0.111005, -0.057782, 0.132554, -0.096612, 0.165357, 0.412061, 1.052667, 0.230966, 1.054085, -33.899306, -6.408708, 0.218724, 0.12718, 0.065176, 60.388501]
-2.626729965209961 --- [0.309453, 0.293002, 0.257996, 0.013487, 0.053142, 0.115629, -0.056074, 0.122613, -0.093568, 0.097945, 0.39076, 1.093423, 0.478438, 0.914087, -28.50865, -10.568111, 0.215454, 0.098474, 0.042373, 59.652333]
-2.464980125427246 --- [0.316621, 0.270345, 0.238712, 0.009662, 0.025699, 0.107962, -0.047021, 0.132101, -0.041889, 0.119519, 0.397363, 1.362424, 0.451324, 1.206291, -27.499634, -11.985638, 0.205869, 0.080711, 0.058182, 57.07754]
-2.506070137023926 --- [0.287544, 0.268653, 0.241723, -0.00506, 0.082297, 0.094916, -0.066767, 0.138772, -0.071972, 0.117912, 0.47088, 1.168922, 0.38371, 1.002288, -25.50242, -7.538875, 0.234468, 0.114457, 0.049445, 57.783653]
-2.0920400619506836 --- [0.303214, 0.290758, 0.215699, 0.00554, 0.099025, 0.095379, -0.046688, 0.140026, -0.053253, 0.131751, 0.516739, 1.138226, 0.281212, 0.887591, -29.063351, -3.312019, 0.182957, 0.13661, 0.053315, 59.393761]
-2.4471402168273926 --- [0.303234, 0.260112, 0.229854, 0.005931, 0.080617, 0.105378, -0.07391, 0.139011, -0.060387, 0.104464, 0.50364, 1.178888, 0.251293, 1.107133, -33.956578, -9.622469, 0.208959, 0.184938, 0.056303, 57.276769]
-2.3548197746276855 --- [0.28479, 0.260965, 0.223153, 0.006087, 0.104006, 0.090021, -0.054324, 0.14312, -0.080832, 0.107438, 0.420657, 1.134447, 0.335415, 1.048418, -24.861138, -11.007048, 0.188749, 0.161468, 0.068475, 55.682574]
-4.052859783172607 --- [0.280875, 0.279621, 0.203303, -0.009307, 0.096941, 0.100884, -0.048225, 0.139138, -0.058284, 0.096004, 0.409356, 1.267835, 0.119235, 1.209467, -34.704345, -10.949805, 0.210624, 0.153473, 0.049094, 58.274286]
-2.3796801567077637 --- [0.279769, 0.277274, 0.254481, -0.012387, 0.088053, 0.089738, -0.064861, 0.123303, -0.078009, 0.124889, 0.32824, 1.071175, 0.091122, 1.067231, -31.634477, -8.778091, 0.204196, 0.148165, 0.043418, 58.128584]
-2.655980110168457 --- [0.292973, 0.287655, 0.212228, 8.66E-4, 0.067227, 0.095254, -0.046194, 0.146224, -0.068527, 0.099409, 0.350816, 1.275754, 0.33461, 1.050758, -28.734656, -11.73631, 0.187877, 0.133148, 0.056677, 49.556297]
-2.568570137023926 --- [0.269736, 0.277171, 0.219904, 0.00461, 0.070983, 0.097463, -0.044364, 0.148556, -0.079708, 0.135379, 0.36348, 1.186474, 0.600105, 1.121858, -21.890784, -4.664588, 0.154607, 0.155033, 0.048668, 56.49012]
-2.474400043487549 --- [0.295668, 0.289706, 0.233214, 0.001582, 0.09479, 0.093835, -0.057334, 0.14302, -0.080909, 0.118512, 0.426979, 1.223466, 0.271931, 1.099984, -35.663923, -6.797165, 0.220278, 0.129293, 0.078323, 55.676617]
-2.618450164794922 --- [0.300211, 0.278083, 0.24917, -0.017736, 0.084183, 0.099061, -0.054491, 0.12518, -0.100248, 0.126478, 0.337607, 1.154278, 0.314378, 1.056796, -29.005827, -10.495937, 0.169095, 0.157353, 0.063989, 56.558854]
-2.4303197860717773 --- [0.278281, 0.275719, 0.255929, 0.007718, 0.073168, 0.111493, -0.042315, 0.148325, -0.090971, 0.116063, 0.44131, 1.235908, 0.330024, 1.173133, -26.881061, -8.667464, 0.181279, 0.139811, 0.072573, 58.861322]
-2.572539806365967 --- [0.300867, 0.283445, 0.263329, -0.027962, 0.071701, 0.103929, -0.042344, 0.123815, -0.083355, 0.103501, 0.407143, 1.151056, 0.312196, 1.145581, -25.006068, -9.491165, 0.168651, 0.171998, 0.038768, 56.178057]
-2.6516098976135254 --- [0.313005, 0.273336, 0.238173, 0.00579, 0.056287, 0.096845, -0.042662, 0.141297, -0.06918, 0.149891, 0.340976, 1.203453, 0.381667, 1.117661, -31.069928, -11.854814, 0.219397, 0.13096, 0.060485, 54.983367]
-2.5022401809692383 --- [0.290797, 0.260969, 0.240232, -0.008829, 0.055286, 0.091621, -0.047873, 0.129568, -0.077347, 0.132788, 0.349107, 1.137461, 0.431537, 1.063057, -35.476295, -12.397635, 0.240227, 0.137514, 0.028952, 59.782577]
-2.5104799270629883 --- [0.313474, 0.296418, 0.242278, -0.02189, 0.095951, 0.099818, -0.048258, 0.135059, -0.079843, 0.130041, 0.421364, 1.167606, 0.262913, 1.161561, -27.748845, -8.879847, 0.183303, 0.13978, 0.060899, 57.392213]
-2.533170223236084 --- [0.303687, 0.292956, 0.23338, -0.015089, 0.086252, 0.101043, -0.049337, 0.143791, -0.094643, 0.141682, 0.397158, 1.191469, 0.271644, 1.048226, -29.560742, -10.793445, 0.240721, 0.156589, 0.052055, 58.705401]
-2.4003100395202637 --- [0.29877, 0.284256, 0.243349, 0.006215, 0.07037, 0.102574, -0.047757, 0.135779, -0.079823, 0.125456, 0.286282, 1.212829, 0.186568, 1.15338, -24.495711, -13.743704, 0.212154, 0.124042, 0.047898, 58.054379]
-2.750349998474121 --- [0.296088, 0.272195, 0.23723, -0.026126, 0.103739, 0.097021, -0.042327, 0.132405, -0.075658, 0.143693, 0.322136, 1.078721, 0.280195, 1.067037, -27.851283, -13.222073, 0.218973, 0.147779, 0.047473, 60.160004]
-2.5020599365234375 --- [0.297806, 0.286322, 0.226665, -0.008188, 0.051627, 0.110399, -0.054109, 0.133916, -0.105501, 0.149618, 0.369211, 1.264902, 0.247656, 0.965786, -28.221745, -12.312959, 0.219904, 0.124223, 0.045704, 61.911186]
-2.5386900901794434 --- [0.292988, 0.296061, 0.245408, -0.021826, 0.081651, 0.095691, -0.045819, 0.127342, -0.084381, 0.1163, 0.359819, 1.158195, 0.454292, 1.203401, -27.639542, -12.515674, 0.222329, 0.144629, 0.034335, 59.41196]
-2.6253199577331543 --- [0.299179, 0.286079, 0.223306, -0.005795, 0.081283, 0.105491, -0.050505, 0.125114, -0.09418, 0.146084, 0.370225, 1.105779, 0.295422, 1.156297, -28.402855, -12.494184, 0.22025, 0.162434, 0.0505, 56.061396]
-2.5282697677612305 --- [0.314314, 0.269135, 0.239226, -0.021843, 0.090312, 0.105169, -0.046666, 0.13438, -0.090714, 0.118585, 0.296329, 1.160691, 0.411489, 1.189079, -26.482763, -9.519105, 0.213093, 0.135434, 0.051109, 57.477854]
-2.5367298126220703 --- [0.302906, 0.264133, 0.229882, -0.009077, 0.093265, 0.095641, -0.045479, 0.135316, -0.086163, 0.12641, 0.328091, 1.170609, 0.370814, 1.026856, -32.745587, -9.863467, 0.219925, 0.133659, 0.041283, 54.452324]
-2.5848398208618164 --- [0.289868, 0.28967, 0.234668, -4.48E-4, 0.081405, 0.098803, -0.052384, 0.140914, -0.080144, 0.117538, 0.282333, 1.163386, 0.253876, 1.149255, -24.001867, -12.035959, 0.219047, 0.145005, 0.037484, 58.223154]
-2.648129940032959 --- [0.287586, 0.288287, 0.235221, 0.005396, 0.093273, 0.109573, -0.054002, 0.131156, -0.089246, 0.135906, 0.357928, 1.109352, 0.307999, 1.060094, -28.096176, -9.413073, 0.200482, 0.12926, 0.042614, 59.899404]
-2.5820999145507812 --- [0.309798, 0.284789, 0.232227, 0.006759, 0.065126, 0.105175, -0.0515, 0.136311, -0.070393, 0.138642, 0.339608, 1.038572, 0.224879, 1.155845, -28.111535, -11.614084, 0.220993, 0.133181, 0.044101, 59.228594]
-2.6410598754882812 --- [0.292961, 0.279235, 0.249947, 0.014204, 0.105639, 0.101756, -0.049847, 0.13532, -0.078698, 0.121338, 0.303311, 1.136776, 0.287741, 1.253406, -28.893509, -9.245884, 0.251144, 0.124653, 0.044285, 57.145459]
-2.621300220489502 --- [0.304274, 0.288423, 0.241523, -0.005438, 0.114601, 0.103595, -0.05308, 0.131134, -0.081532, 0.145005, 0.351521, 1.08265, 0.343597, 1.16139, -30.812517, -10.10762, 0.224969, 0.151979, 0.041372, 60.517187]
-2.5736799240112305 --- [0.289714, 0.273661, 0.237673, -5.69E-4, 0.086724, 0.107262, -0.050451, 0.136753, -0.073611, 0.137335, 0.353003, 1.074556, 0.321027, 1.24649, -27.028212, -8.517874, 0.203051, 0.160678, 0.041677, 60.411015]
-2.5620298385620117 --- [0.30349, 0.276376, 0.238897, 0.007771, 0.086562, 0.104133, -0.053925, 0.131853, -0.075878, 0.132981, 0.368364, 1.153331, 0.304519, 1.100559, -30.245755, -9.629424, 0.230969, 0.140351, 0.051169, 56.548555]
-2.5332298278808594 --- [0.306906, 0.266388, 0.249953, 0.005609, 0.089191, 0.101187, -0.054125, 0.132559, -0.072398, 0.138352, 0.36083, 1.11465, 0.366199, 1.092711, -32.371393, -10.530134, 0.207815, 0.136411, 0.040102, 56.911183]
-2.5042600631713867 --- [0.301472, 0.260094, 0.241232, -5.27E-4, 0.071275, 0.105652, -0.048313, 0.135314, -0.086894, 0.128913, 0.371997, 1.061967, 0.298714, 1.271836, -25.251767, -10.637657, 0.223205, 0.155385, 0.051255, 62.555146]
-2.4986300468444824 --- [0.308082, 0.246156, 0.246462, -0.003537, 0.085527, 0.104666, -0.05745, 0.136636, -0.082282, 0.147421, 0.399483, 1.071618, 0.234342, 1.17929, -24.955241, -10.851716, 0.235543, 0.145295, 0.038459, 55.277391]
-2.4682202339172363 --- [0.310464, 0.235332, 0.25278, 0.009252, 0.069298, 0.10062, -0.042783, 0.137172, -0.069715, 0.138959, 0.305932, 1.116344, 0.244187, 1.149167, -27.953588, -9.459674, 0.260598, 0.12766, 0.058616, 55.819872]
-2.687809944152832 --- [0.302102, 0.25974, 0.255555, -0.00251, 0.066066, 0.106435, -0.040391, 0.133011, -0.070368, 0.148634, 0.28494, 1.151483, 0.341106, 1.117216, -26.890424, -16.155634, 0.24584, 0.150628, 0.025553, 54.99347]
-2.9643502235412598 --- [0.311044, 0.267015, 0.254927, -0.00193, 0.11258, 0.09716, -0.048382, 0.128146, -0.07277, 0.150695, 0.301564, 1.151493, 0.392534, 1.100709, -29.621117, -9.229211, 0.207513, 0.125772, 0.04707, 58.709898]
-2.958209991455078 --- [0.307906, 0.266774, 0.247477, -0.006602, 0.093532, 0.111699, -0.046458, 0.124241, -0.072702, 0.1595, 0.376421, 0.947883, 0.425227, 1.046067, -21.974043, -11.879967, 0.240303, 0.168643, 0.048917, 55.808456]
-2.4981398582458496 --- [0.311288, 0.257534, 0.242752, 0.002238, 0.101028, 0.097592, -0.057373, 0.138449, -0.087528, 0.149919, 0.432152, 1.014301, 0.457349, 1.31566, -25.88513, -15.08193, 0.251912, 0.100745, 0.0443, 53.714633]
-2.5964298248291016 --- [0.300496, 0.237882, 0.239706, 0.016887, 0.094894, 0.106195, -0.052695, 0.131955, -0.081625, 0.13817, 0.440378, 1.067327, 0.258938, 1.140021, -27.137737, -13.029839, 0.252954, 0.135599, 0.052246, 57.613486]
-2.3330001831054688 --- [0.295158, 0.240381, 0.256559, 0.001316, 0.092072, 0.102687, -0.046324, 0.131859, -0.074677, 0.123947, 0.346762, 1.025097, 0.272592, 1.2505, -27.78802, -12.995475, 0.21334, 0.156208, 0.056767, 56.012904]
-2.70458984375 --- [0.313014, 0.235147, 0.241392, -0.004472, 0.072048, 0.112636, -0.045655, 0.135643, -0.067406, 0.169658, 0.415569, 0.980478, 0.225731, 1.302198, -28.702438, -11.158006, 0.22233, 0.167131, 0.060864, 62.60799]
-2.724760055541992 --- [0.310472, 0.244958, 0.251605, 0.00919, 0.068488, 0.09846, -0.0508, 0.1289, -0.076185, 0.131602, 0.355868, 1.051412, 0.296279, 1.165996, -25.423334, -15.330183, 0.219393, 0.140239, 0.045055, 56.456075]
-2.7006797790527344 --- [0.302188, 0.242161, 0.25116, 0.003024, 0.044974, 0.103958, -0.046929, 0.130545, -0.079495, 0.138498, 0.440488, 0.980827, 0.343406, 1.303246, -25.261028, -12.634206, 0.224481, 0.166561, 0.061426, 54.397039]
-2.6130900382995605 --- [0.306354, 0.266979, 0.244442, 0.002275, 0.042399, 0.100208, -0.050064, 0.134191, -0.076133, 0.163259, 0.327334, 1.075969, 0.467618, 1.269676, -28.097175, -14.995807, 0.241534, 0.149171, 0.063621, 60.036969]
-2.504240036010742 --- [0.304797, 0.259568, 0.26053, 0.013775, 0.0551, 0.100454, -0.048129, 0.133514, -0.076604, 0.159019, 0.422251, 1.128272, 0.366839, 1.120838, -26.237125, -10.848952, 0.188665, 0.145458, 0.049201, 54.24949]
-2.521629810333252 --- [0.290657, 0.280194, 0.246479, 0.005858, 0.068118, 0.114334, -0.054174, 0.136406, -0.098212, 0.171589, 0.403529, 1.073942, 0.556524, 1.26624, -21.981957, -14.923475, 0.236004, 0.15205, 0.05367, 56.151201]
-2.542300224304199 --- [0.31315, 0.278749, 0.257733, 0.010975, 0.05911, 0.102953, -0.060047, 0.134004, -0.086189, 0.16354, 0.358471, 1.085374, 0.474987, 1.163487, -23.967948, -12.408388, 0.200117, 0.146487, 0.048282, 60.203106]
-2.5573902130126953 --- [0.309589, 0.278486, 0.265072, 0.006603, 0.08634, 0.100098, -0.054455, 0.131831, -0.086938, 0.155347, 0.381267, 0.981768, 0.461055, 1.183301, -26.376196, -14.181056, 0.2267, 0.123887, 0.039864, 60.513882]
-2.8540101051330566 --- [0.309796, 0.265773, 0.272906, 0.019511, 0.061824, 0.104894, -0.050393, 0.133631, -0.083485, 0.148259, 0.388668, 1.005067, 0.422789, 1.169178, -26.799642, -13.785775, 0.228918, 0.151073, 0.041586, 53.08106]
-2.6505398750305176 --- [0.315413, 0.27291, 0.257832, -0.002526, 0.082676, 0.104856, -0.053311, 0.123957, -0.081746, 0.15839, 0.395788, 1.085381, 0.465634, 1.085684, -28.230548, -13.958662, 0.232634, 0.131636, 0.056093, 56.337714]
-2.6904702186584473 --- [0.304529, 0.270024, 0.259605, 0.00269, 0.063867, 0.100904, -0.048418, 0.130118, -0.07668, 0.153533, 0.516725, 1.142742, 0.328444, 1.226262, -27.774459, -13.120299, 0.200924, 0.145192, 0.045242, 57.267566]
-2.5220799446105957 --- [0.315535, 0.248784, 0.251663, -0.007547, 0.043996, 0.107178, -0.043714, 0.131698, -0.054392, 0.15243, 0.412742, 0.951334, 0.368086, 1.204197, -31.157847, -12.424465, 0.223029, 0.139414, 0.056722, 60.007794]
-3.0956802368164062 --- [0.303271, 0.256306, 0.25213, 0.001527, 0.054527, 0.101614, -0.040745, 0.140773, -0.081429, 0.149031, 0.42418, 1.008292, 0.319178, 1.230704, -26.749697, -14.37795, 0.227065, 0.131749, 0.04278, 57.280458]
-2.8450798988342285 --- [0.32517, 0.279911, 0.238741, 0.009212, 0.065695, 0.110238, -0.051994, 0.134586, -0.073984, 0.147524, 0.425612, 0.989493, 0.530516, 1.138881, -25.330654, -9.687306, 0.245612, 0.129144, 0.056584, 61.862154]
-2.8031601905822754 --- [0.319947, 0.274217, 0.255595, 0.001001, 0.075522, 0.105636, -0.041633, 0.127132, -0.071441, 0.146663, 0.367455, 1.075347, 0.426162, 1.142004, -25.723685, -14.517182, 0.222002, 0.156558, 0.041372, 60.431248]
-2.583159923553467 --- [0.326745, 0.280608, 0.257268, -0.001295, 0.085715, 0.094572, -0.040541, 0.132386, -0.078921, 0.165347, 0.374679, 0.998864, 0.515699, 1.279625, -31.48398, -14.04213, 0.195229, 0.134933, 0.050764, 59.090019]
-2.828080177307129 --- [0.297893, 0.251143, 0.252413, 0.005508, 0.072716, 0.115656, -0.048164, 0.132335, -0.081816, 0.150801, 0.450472, 0.988992, 0.398346, 1.213323, -26.160084, -10.321166, 0.236391, 0.136736, 0.053015, 61.25357]
-2.7521400451660156 --- [0.311773, 0.255844, 0.261754, 9.68E-4, 0.098593, 0.104067, -0.047981, 0.132728, -0.09085, 0.13412, 0.426054, 1.03313, 0.446402, 1.181121, -29.015509, -12.413111, 0.223158, 0.150893, 0.054475, 59.187672]
-2.5719900131225586 --- [0.307814, 0.266019, 0.241802, 0.006415, 0.066204, 0.097292, -0.04637, 0.132314, -0.076912, 0.156388, 0.383695, 1.055647, 0.37721, 1.204572, -28.451912, -14.49954, 0.204394, 0.151846, 0.043737, 60.97884]
-2.713469982147217 --- [0.312776, 0.253909, 0.246531, 0.00531, 0.051404, 0.116712, -0.044264, 0.134851, -0.080314, 0.129434, 0.355792, 1.021974, 0.506764, 1.245844, -32.588531, -14.617617, 0.227904, 0.147939, 0.051947, 61.056681]
-2.7991700172424316 --- [0.313032, 0.260683, 0.247496, 0.003505, 0.072481, 0.106283, -0.047215, 0.129735, -0.076378, 0.13468, 0.430505, 0.993728, 0.455893, 1.190741, -31.760845, -15.441698, 0.239009, 0.144008, 0.045197, 57.688891]
-2.669069766998291 --- [0.325549, 0.246866, 0.257135, 0.009331, 0.058918, 0.113131, -0.050421, 0.119627, -0.103493, 0.14115, 0.408643, 0.904492, 0.486736, 1.2213, -30.750765, -14.620027, 0.231729, 0.155657, 0.041557, 58.584601]
-2.642739772796631 --- [0.318599, 0.261936, 0.243992, 0.008642, 0.088326, 0.109913, -0.046327, 0.130848, -0.084808, 0.140715, 0.407404, 0.963379, 0.465523, 1.172132, -25.428876, -13.955795, 0.227711, 0.133672, 0.049003, 61.96226]
-2.592360019683838 --- [0.316582, 0.257899, 0.245994, 0.007654, 0.086892, 0.109446, -0.045131, 0.13362, -0.089012, 0.144765, 0.420532, 1.076256, 0.465167, 1.211584, -28.124001, -13.251946, 0.239728, 0.155635, 0.051305, 57.315622]
-3.50846004486084 --- [0.318938, 0.277749, 0.249433, 0.002076, 0.081703, 0.115036, -0.047076, 0.132927, -0.08786, 0.145284, 0.371385, 0.971566, 0.417605, 1.180108, -26.996459, -13.874173, 0.220587, 0.144986, 0.037378, 60.877552]
-2.780479907989502 --- [0.316913, 0.246914, 0.238139, 0.007373, 0.076185, 0.103643, -0.043172, 0.128865, -0.085629, 0.127316, 0.430884, 1.026302, 0.375199, 1.269168, -30.377602, -14.824076, 0.243409, 0.132582, 0.050008, 60.565321]
-2.943039894104004 --- [0.327925, 0.249022, 0.24634, 0.001885, 0.077068, 0.105365, -0.044931, 0.122673, -0.070967, 0.140262, 0.450158, 1.06704, 0.379225, 1.266854, -27.192254, -12.897639, 0.21629, 0.13235, 0.054575, 56.905815]
-2.6850600242614746 --- [0.308944, 0.256074, 0.25044, 0.003216, 0.09458, 0.10478, -0.040939, 0.126294, -0.082274, 0.142083, 0.385577, 1.030255, 0.285806, 1.230722, -26.379648, -12.385769, 0.234772, 0.130473, 0.053721, 54.614744]
-2.608670234680176 --- [0.322789, 0.246721, 0.24873, -6.45E-4, 0.077971, 0.115311, -0.047059, 0.130219, -0.081118, 0.13354, 0.445631, 1.030759, 0.379635, 1.266284, -29.018404, -14.364466, 0.227476, 0.13693, 0.051265, 58.109029]
-2.736100196838379 --- [0.308407, 0.25144, 0.24972, 0.005491, 0.081219, 0.108182, -0.048845, 0.129999, -0.077161, 0.138954, 0.402015, 1.072527, 0.327483, 1.244891, -28.406088, -13.835349, 0.225285, 0.139019, 0.057206, 55.701568]
-2.759510040283203 --- [0.325026, 0.251083, 0.240316, -0.001774, 0.106109, 0.111893, -0.051161, 0.132832, -0.083584, 0.149637, 0.409593, 1.025722, 0.42984, 1.273044, -29.423158, -14.489725, 0.222329, 0.147563, 0.051978, 58.561808]
-2.8468098640441895 --- [0.325394, 0.254244, 0.245877, 0.003417, 0.064047, 0.104207, -0.046678, 0.129136, -0.088787, 0.157096, 0.376247, 1.024447, 0.307795, 1.259997, -27.681091, -13.666922, 0.248068, 0.135227, 0.058423, 60.605277]
-2.6943798065185547 --- [0.315535, 0.262829, 0.253102, -0.003461, 0.086569, 0.109234, -0.049762, 0.128757, -0.088641, 0.148299, 0.417846, 1.034458, 0.295337, 1.243347, -25.669759, -14.28046, 0.235033, 0.138834, 0.056517, 62.429174]
-2.885469913482666 --- [0.311434, 0.246198, 0.251562, 0.003089, 0.074156, 0.112595, -0.045127, 0.123261, -0.082564, 0.126834, 0.416454, 1.078065, 0.316759, 1.179381, -26.619271, -13.818626, 0.210442, 0.145623, 0.060524, 56.603298]
-2.6693902015686035 --- [0.319876, 0.275163, 0.246203, 0.008585, 0.063369, 0.105806, -0.049018, 0.124508, -0.080831, 0.120793, 0.370528, 1.099274, 0.333928, 1.262323, -26.035668, -11.559257, 0.23986, 0.134019, 0.047637, 60.519839]
-2.883150100708008 --- [0.309809, 0.255468, 0.251079, 0.002913, 0.070858, 0.109519, -0.050129, 0.127299, -0.078351, 0.139461, 0.335547, 1.120771, 0.273402, 1.188378, -22.928433, -12.056431, 0.226158, 0.150125, 0.048484, 59.574324]
-2.7693400382995605 --- [0.315541, 0.261536, 0.243748, 0.005583, 0.044096, 0.112545, -0.047116, 0.124004, -0.092349, 0.154966, 0.299389, 0.997739, 0.341327, 1.237618, -27.744367, -13.685962, 0.207297, 0.152112, 0.049567, 60.211643]
-2.803989887237549 --- [0.305187, 0.236055, 0.243458, 0.001604, 0.099736, 0.116962, -0.050012, 0.129063, -0.086262, 0.143265, 0.352662, 1.032966, 0.324444, 1.168792, -29.444557, -12.623541, 0.210981, 0.15835, 0.050551, 60.081512]
-2.7188100814819336 --- [0.321161, 0.244043, 0.246514, 0.006395, 0.109759, 0.116709, -0.048924, 0.124188, -0.08202, 0.129433, 0.436993, 1.037352, 0.387104, 1.211343, -26.83882, -13.54748, 0.212174, 0.165688, 0.059441, 58.106603]
-2.62893009185791 --- [0.310905, 0.259537, 0.246724, 0.004643, 0.052836, 0.117051, -0.047892, 0.126609, -0.096387, 0.131108, 0.380445, 1.087142, 0.380197, 1.251475, -27.354853, -11.905375, 0.218933, 0.127121, 0.057489, 61.370052]
-2.7920498847961426 --- [0.312357, 0.232295, 0.25482, 0.005578, 0.073787, 0.113557, -0.050511, 0.129345, -0.087207, 0.15006, 0.353259, 1.016013, 0.332821, 1.1414, -24.939606, -13.867492, 0.238178, 0.155165, 0.06172, 60.842298]
-2.9129700660705566 --- [0.307137, 0.253923, 0.252615, -0.001865, 0.091363, 0.113584, -0.052342, 0.130512, -0.087232, 0.142385, 0.365275, 1.122961, 0.294153, 1.240229, -31.282915, -13.789624, 0.241406, 0.142833, 0.062714, 59.555759]
-2.7662901878356934 --- [0.310595, 0.25384, 0.256609, 0.009069, 0.083351, 0.116196, -0.044057, 0.12442, -0.09611, 0.137464, 0.313246, 1.047417, 0.346988, 1.255945, -29.385188, -11.488031, 0.23377, 0.161547, 0.060787, 61.213313]
-2.7382497787475586 --- [0.3148, 0.243401, 0.247418, 0.006054, 0.076275, 0.109779, -0.048904, 0.128822, -0.091415, 0.145175, 0.43045, 1.038493, 0.362643, 1.244818, -25.495459, -13.314291, 0.216006, 0.129183, 0.054658, 59.24941]
-3.540830135345459 --- [0.318663, 0.249412, 0.253618, 0.003666, 0.070843, 0.119361, -0.050144, 0.130186, -0.096547, 0.147598, 0.405861, 1.009407, 0.377778, 1.232694, -25.314848, -13.795232, 0.214318, 0.144208, 0.05561, 62.149217]
-2.5853400230407715 --- [0.310897, 0.249198, 0.248469, 0.003516, 0.05543, 0.114919, -0.047721, 0.127569, -0.093938, 0.145641, 0.426226, 1.042153, 0.35137, 1.223427, -25.494253, -14.453865, 0.221973, 0.159014, 0.062369, 62.209067]
-3.4944400787353516 --- [0.31503, 0.239416, 0.245553, 0.00401, 0.063008, 0.123228, -0.04379, 0.129015, -0.094349, 0.139114, 0.403204, 1.035223, 0.337385, 1.203951, -26.95828, -13.630947, 0.215044, 0.136931, 0.05701, 61.114555]
-2.5697097778320312 --- [0.316755, 0.24984, 0.252777, -0.003155, 0.077875, 0.116016, -0.045141, 0.125814, -0.093188, 0.13383, 0.382506, 1.057034, 0.312159, 1.20173, -27.353666, -12.90695, 0.252757, 0.14757, 0.055012, 62.254854]
-2.7517900466918945 --- [0.315631, 0.235685, 0.245162, 0.003917, 0.061146, 0.109465, -0.041917, 0.126138, -0.094265, 0.141876, 0.406004, 1.083792, 0.37118, 1.188893, -26.380452, -14.175686, 0.225501, 0.12951, 0.062128, 60.229494]
-2.7418899536132812 --- [0.31437, 0.246552, 0.247457, -0.002847, 0.079376, 0.118044, -0.045839, 0.125436, -0.091225, 0.140944, 0.374342, 1.030028, 0.266895, 1.228735, -27.49193, -14.463334, 0.227029, 0.140478, 0.054835, 59.923792]
-2.771059989929199 --- [0.315363, 0.237267, 0.251139, 0.003354, 0.082046, 0.117624, -0.045588, 0.128316, -0.09074, 0.146522, 0.341274, 0.996895, 0.406577, 1.179211, -27.269686, -13.244297, 0.225499, 0.154207, 0.062579, 60.260486]
-2.6945300102233887 --- [0.317152, 0.241636, 0.253978, -0.00178, 0.066532, 0.114918, -0.048495, 0.131089, -0.093638, 0.14671, 0.344596, 1.035511, 0.31713, 1.24905, -27.754924, -14.28211, 0.221111, 0.147191, 0.055495, 59.371406]
-2.9089298248291016 --- [0.309392, 0.245665, 0.252096, -0.001887, 0.076, 0.110736, -0.0523, 0.125922, -0.100528, 0.141533, 0.381461, 1.059007, 0.327396, 1.238518, -25.155765, -13.065304, 0.223842, 0.157627, 0.051877, 59.458952]
-2.6855101585388184 --- [0.312097, 0.239848, 0.25086, 0.00527, 0.073483, 0.113067, -0.045611, 0.126705, -0.089552, 0.139568, 0.379501, 1.059602, 0.360108, 1.232864, -28.937557, -12.637905, 0.227404, 0.147592, 0.056868, 60.537936]
-2.8942604064941406 --- [0.319195, 0.253745, 0.249235, 1.71E-4, 0.083359, 0.110887, -0.044757, 0.129823, -0.089733, 0.140804, 0.382031, 1.064881, 0.350056, 1.190118, -28.343731, -12.844664, 0.219699, 0.158511, 0.063287, 59.032432]
-2.8556900024414062 --- [0.315034, 0.248091, 0.244953, 0.003898, 0.060407, 0.113746, -0.048507, 0.127448, -0.097168, 0.140365, 0.377578, 1.040717, 0.326635, 1.160959, -27.685185, -13.470689, 0.218682, 0.156118, 0.05841, 58.83574]
-2.56850004196167 --- [0.319191, 0.245921, 0.246441, 0.003615, 0.072996, 0.113046, -0.04817, 0.126883, -0.096152, 0.145507, 0.367265, 1.043091, 0.279885, 1.199424, -27.147017, -13.620307, 0.213945, 0.144728, 0.062915, 60.480196]
-2.8657097816467285 --- [0.319699, 0.245107, 0.249722, 0.00405, 0.072186, 0.117328, -0.047358, 0.128621, -0.09366, 0.141923, 0.386958, 1.066713, 0.343392, 1.196083, -28.415101, -12.88687, 0.215986, 0.164785, 0.054864, 59.069834]
-2.6151299476623535 --- [0.313553, 0.236456, 0.249452, 0.002969, 0.068974, 0.115931, -0.050667, 0.126655, -0.094599, 0.143861, 0.386537, 1.063262, 0.298112, 1.205613, -27.377333, -13.524407, 0.222892, 0.152277, 0.063923, 60.513925]
-2.639669895172119 --- [0.312583, 0.241219, 0.246949, -6.08E-4, 0.064591, 0.108984, -0.048711, 0.123929, -0.095599, 0.145092, 0.387839, 1.025097, 0.318134, 1.225591, -27.195336, -13.839068, 0.232644, 0.150433, 0.058652, 59.828852]
-3.370039939880371 --- [0.317241, 0.245843, 0.244041, 0.001887, 0.076468, 0.112834, -0.05447, 0.126563, -0.102647, 0.140288, 0.360305, 1.065342, 0.338726, 1.184196, -26.56085, -13.341513, 0.243832, 0.149262, 0.057947, 58.288617]
-2.7108497619628906 --- [0.315524, 0.24973, 0.248528, 0.003988, 0.090886, 0.110089, -0.050491, 0.126663, -0.106822, 0.140508, 0.364436, 1.063236, 0.349735, 1.23694, -26.023513, -13.264543, 0.239619, 0.152652, 0.060798, 58.791461]
-3.0183701515197754 --- [0.317241, 0.230472, 0.245727, 0.002147, 0.076039, 0.109293, -0.050269, 0.123397, -0.094, 0.146643, 0.388748, 1.063866, 0.320374, 1.231484, -26.396497, -14.405094, 0.238139, 0.143174, 0.05124, 60.275444]
-3.3959898948669434 --- [0.316074, 0.241431, 0.246074, 0.004443, 0.070547, 0.111042, -0.049769, 0.130141, -0.095716, 0.146169, 0.355988, 1.057179, 0.350259, 1.228688, -26.807399, -12.944753, 0.233464, 0.143289, 0.056274, 60.845461]
-2.6272101402282715 --- [0.318816, 0.239309, 0.245347, 0.002594, 0.070815, 0.10934, -0.048007, 0.125455, -0.090203, 0.139002, 0.377267, 1.059368, 0.277812, 1.252959, -29.018798, -14.463242, 0.243365, 0.142273, 0.05474, 58.616728]
-2.933070182800293 --- [0.317696, 0.245841, 0.248144, 9.52E-4, 0.072482, 0.105753, -0.048298, 0.127388, -0.092459, 0.145057, 0.363134, 1.043189, 0.358712, 1.226719, -27.486816, -13.979742, 0.212921, 0.15327, 0.058221, 59.774784]
-2.7731900215148926 --- [0.319082, 0.246045, 0.246403, 0.002841, 0.078303, 0.111312, -0.047231, 0.123273, -0.097233, 0.143105, 0.368744, 1.091388, 0.340542, 1.265192, -27.19887, -13.981638, 0.250868, 0.154453, 0.053972, 58.6149]
-2.783060073852539 --- [0.32, 0.245563, 0.245712, 4.0E-6, 0.085342, 0.115095, -0.041792, 0.125966, -0.090589, 0.138783, 0.369829, 1.057011, 0.282429, 1.260012, -26.21424, -13.426142, 0.243978, 0.145466, 0.05507, 61.133188]
-2.9036898612976074 --- [0.320094, 0.243847, 0.25078, -9.08E-4, 0.08278, 0.105872, -0.050122, 0.126886, -0.093262, 0.145022, 0.382271, 1.071634, 0.292073, 1.249956, -28.602367, -13.486553, 0.231121, 0.139396, 0.055878, 60.785913]
-2.806419849395752 --- [0.312033, 0.241986, 0.246808, -0.002843, 0.084023, 0.108331, -0.048154, 0.126925, -0.091211, 0.145039, 0.400084, 1.06275, 0.368784, 1.231542, -28.082875, -13.311455, 0.229458, 0.143687, 0.05507, 60.299444]
-3.1934099197387695 --- [0.315404, 0.245847, 0.247525, 0.006334, 0.082953, 0.105194, -0.04437, 0.128961, -0.101903, 0.145957, 0.373027, 1.074814, 0.372316, 1.216119, -26.738071, -13.915732, 0.2459, 0.139767, 0.053907, 58.949498]
-3.608369827270508 --- [0.320514, 0.242911, 0.243363, 0.003545, 0.080562, 0.107235, -0.050573, 0.12635, -0.096993, 0.143307, 0.354491, 1.053818, 0.365639, 1.290477, -26.883329, -12.578292, 0.231778, 0.14298, 0.055532, 58.419602]
-2.862569808959961 --- [0.314282, 0.251263, 0.247466, 0.00336, 0.083349, 0.108292, -0.046867, 0.123627, -0.094858, 0.14154, 0.390136, 1.063325, 0.290444, 1.247594, -27.328792, -12.839008, 0.235457, 0.144912, 0.053573, 59.071442]
-2.7790098190307617 --- [0.319157, 0.240179, 0.245814, 0.005347, 0.098629, 0.109157, -0.045739, 0.12454, -0.099792, 0.138119, 0.38406, 1.053748, 0.309335, 1.244243, -26.934805, -14.101256, 0.23725, 0.147476, 0.055565, 58.67803]
-3.158289909362793 --- [0.320121, 0.242305, 0.247323, 8.19E-4, 0.080594, 0.108967, -0.048782, 0.124771, -0.091459, 0.146537, 0.380374, 1.121086, 0.331755, 1.246437, -28.13668, -14.075129, 0.236469, 0.148491, 0.055755, 60.245465]
-2.9169301986694336 --- [0.31877, 0.228961, 0.247115, 0.003636, 0.069618, 0.10798, -0.048543, 0.127035, -0.088762, 0.146553, 0.381702, 1.056541, 0.332303, 1.247882, -28.514078, -13.303836, 0.224734, 0.14827, 0.058384, 60.476162]
-2.9106698036193848 --- [0.315851, 0.246389, 0.24513, 5.0E-5, 0.082295, 0.108587, -0.046004, 0.124707, -0.093803, 0.145671, 0.377482, 1.04871, 0.321926, 1.258341, -28.716372, -13.843532, 0.2371, 0.154868, 0.056035, 59.6541]
-3.0256199836730957 --- [0.316052, 0.239148, 0.249457, 0.002632, 0.081823, 0.105996, -0.047376, 0.126287, -0.094323, 0.144894, 0.374472, 1.073154, 0.328149, 1.290274, -28.413287, -13.923071, 0.234703, 0.14166, 0.059072, 61.353967]
-3.047229766845703 --- [0.316915, 0.23918, 0.245636, 0.005373, 0.084268, 0.11073, -0.048212, 0.127058, -0.086686, 0.14605, 0.381785, 1.08079, 0.316845, 1.272764, -27.153136, -15.037913, 0.240402, 0.14614, 0.05904, 57.885122]
-2.9292798042297363 --- [0.315769, 0.243367, 0.245056, 0.001766, 0.090659, 0.115287, -0.048763, 0.128227, -0.094902, 0.143212, 0.383844, 1.080425, 0.334085, 1.236277, -27.123251, -13.280234, 0.248021, 0.144295, 0.059284, 59.950094]
-2.7821898460388184 --- [0.317665, 0.238885, 0.248865, 0.00333, 0.079927, 0.111339, -0.049411, 0.124944, -0.092353, 0.14411, 0.360362, 1.042005, 0.355732, 1.24919, -27.492203, -13.205751, 0.224928, 0.147686, 0.055358, 61.765972]
-2.731100082397461 --- [0.314698, 0.248212, 0.248026, -0.001599, 0.085645, 0.110886, -0.047636, 0.124001, -0.098281, 0.143371, 0.383014, 1.061962, 0.344436, 1.258682, -26.95508, -13.408696, 0.246994, 0.145612, 0.058904, 60.53739]
-2.7983498573303223 --- [0.320376, 0.236328, 0.244051, 0.003318, 0.081916, 0.110572, -0.049144, 0.126772, -0.093301, 0.143487, 0.367405, 1.068736, 0.326403, 1.246635, -26.214604, -13.778593, 0.237, 0.145494, 0.055338, 59.899694]
-3.020979881286621 --- [0.32178, 0.241393, 0.249045, 0.002361, 0.074558, 0.111321, -0.049914, 0.124615, -0.094308, 0.146609, 0.394615, 1.076257, 0.356577, 1.273464, -28.299352, -13.778234, 0.253379, 0.145688, 0.05682, 60.223269]
-2.6795601844787598 --- [0.316524, 0.23823, 0.248845, 0.002831, 0.075316, 0.109501, -0.047394, 0.125244, -0.089282, 0.141907, 0.361324, 1.053051, 0.397915, 1.256099, -26.826978, -14.461682, 0.23835, 0.154132, 0.057434, 60.03205]
-2.9803500175476074 --- [0.315499, 0.237926, 0.245183, 0.004009, 0.082038, 0.110162, -0.049128, 0.126118, -0.095559, 0.147972, 0.371249, 1.084894, 0.357551, 1.273627, -26.763198, -13.844, 0.225567, 0.150418, 0.054771, 59.70723]
-2.9109902381896973 --- [0.314459, 0.233126, 0.248029, 0.005404, 0.080158, 0.112863, -0.046657, 0.127743, -0.086835, 0.137005, 0.39344, 1.073289, 0.362852, 1.235617, -27.042397, -13.473538, 0.230583, 0.147447, 0.054872, 60.57685]
-2.9571800231933594 --- [0.315363, 0.243793, 0.242995, 0.003912, 0.085016, 0.108762, -0.047696, 0.122375, -0.099127, 0.145115, 0.339724, 1.124074, 0.387034, 1.23045, -26.833869, -14.634761, 0.236823, 0.158058, 0.058664, 60.791523]
-2.670300006866455 --- [0.316885, 0.241722, 0.245438, 9.07E-4, 0.065114, 0.115074, -0.047413, 0.12405, -0.097893, 0.142868, 0.387104, 1.031676, 0.366472, 1.237421, -27.749825, -15.146635, 0.239926, 0.14297, 0.054696, 59.873574]
-2.7795300483703613 --- [0.315923, 0.240169, 0.249453, 0.005689, 0.066114, 0.107827, -0.050497, 0.123429, -0.092861, 0.138343, 0.347726, 1.097313, 0.378057, 1.238034, -27.175731, -14.528151, 0.235694, 0.148602, 0.057083, 59.252598]
-2.975480079650879 --- [0.320479, 0.236454, 0.242488, 0.007809, 0.073974, 0.105452, -0.048139, 0.124294, -0.09651, 0.140997, 0.36422, 1.124187, 0.387866, 1.266507, -26.462966, -13.670124, 0.226542, 0.150135, 0.055666, 59.769532]
-2.8455300331115723 --- [0.316989, 0.232263, 0.248578, 0.006459, 0.082416, 0.112572, -0.048099, 0.127621, -0.094461, 0.142137, 0.381168, 1.091258, 0.428665, 1.236075, -26.513416, -14.506271, 0.249509, 0.152072, 0.05708, 63.116013]
-2.8260297775268555 --- [0.318314, 0.246356, 0.250027, 0.002666, 0.075964, 0.109903, -0.048295, 0.125592, -0.102672, 0.146568, 0.348518, 1.119139, 0.366436, 1.248143, -26.337385, -14.08528, 0.243891, 0.151882, 0.052711, 60.83933]
-3.2105698585510254 --- [0.316391, 0.23385, 0.251811, 0.00696, 0.088401, 0.109672, -0.048934, 0.129897, -0.097154, 0.141065, 0.365564, 1.087184, 0.373654, 1.268177, -26.494747, -13.600309, 0.234359, 0.149906, 0.057078, 59.975486]
-2.6699700355529785 --- [0.316012, 0.228506, 0.254061, 0.005364, 0.077178, 0.1105, -0.046913, 0.12326, -0.094467, 0.13925, 0.380133, 1.072274, 0.368545, 1.252384, -26.773047, -13.316047, 0.251483, 0.140614, 0.059949, 61.246639]
-3.059490203857422 --- [0.322928, 0.23423, 0.252082, 0.002255, 0.084494, 0.109153, -0.047861, 0.123734, -0.096638, 0.143028, 0.357036, 1.074847, 0.425879, 1.229106, -28.777997, -14.299346, 0.225515, 0.14329, 0.053684, 61.975783]
-2.9596500396728516 --- [0.311499, 0.224989, 0.248085, 0.009251, 0.081605, 0.109727, -0.050288, 0.125972, -0.088987, 0.145917, 0.402891, 1.077718, 0.373993, 1.229808, -25.245263, -15.05027, 0.238576, 0.151529, 0.055229, 60.132806]
-3.0678300857543945 --- [0.31354, 0.226947, 0.249941, 0.009096, 0.070211, 0.112193, -0.045433, 0.124774, -0.091577, 0.13674, 0.360594, 1.048339, 0.340642, 1.277362, -26.547596, -13.872812, 0.232875, 0.151326, 0.058916, 60.679564]
