-2.8998899459838867 --- [0.296794, 0.068552, 0.210086, 0.02674, 0.112193, 0.046795, -0.050634, 0.110733, -0.085807, 0.0512, 0.188107, 1.983996, 0.749669, 0.347846, -17.372266, -26.163105, 0.177789, 0.177327, -0.014673, 6.346892]
-1.1136999130249023 --- [0.129477, 0.083267, 0.116556, 0.061733, 0.138902, 0.106825, -0.139945, 0.015666, -0.05276, -0.258051, 0.79599, 1.491933, 0.462859, 0.125804, -28.989647, 15.688189, 0.349557, 0.053115, 0.118467, 9.733756]
-0.0010995864868164062 --- [0.296757, 0.289037, 0.054377, -0.097775, 0.14775, 0.001383, -0.052627, 0.077851, -0.059606, 0.085031, 0.717083, 0.204995, 0.748845, 1.143069, -25.084227, 11.148122, 0.219598, 0.100617, 0.10261, 47.823048]
-2.5199499130249023 --- [0.377074, 0.31643, 0.343393, 0.152006, 0.168266, -0.029161, -0.064625, 0.128093, -0.047046, 0.008905, 1.822067, 1.59961, 1.990197, 0.727115, -29.832977, 37.97606, 0.153355, 0.194301, 0.023049, 28.629928]
-0.8885002136230469 --- [0.257319, 0.31919, 0.040877, -0.123726, -0.028817, -0.001626, -0.068316, 0.117843, 0.054393, -0.1474, 0.351668, 1.707542, 0.831348, 1.528274, -18.196622, -14.410313, 0.399881, 0.238603, 0.090073, 42.874554]
-1.8458003997802734 --- [0.052611, 0.067611, -0.024165, 0.08822, -0.015365, 0.026816, -0.127507, 0.080828, -0.079398, -0.287078, 0.794894, 0.50777, 1.031945, 1.639933, -39.893531, 0.821865, 0.276848, 0.088396, 0.058754, 40.545333]
-2.507430076599121 --- [0.202644, 0.139144, 0.054293, 0.140021, -0.116659, 0.012596, -0.145167, 0.082024, -0.061082, 0.251764, 0.044723, 0.751652, 1.414962, 1.565804, -47.877509, 32.387717, 0.365639, 0.144179, -0.035795, 48.797811]
-2.505009651184082 --- [0.257373, 0.282027, 0.035865, 0.126078, 0.134208, 0.026812, -0.169241, 0.045801, -0.059262, 0.29371, 1.038533, 1.115661, 0.62629, 0.763325, -66.054414, -8.759456, 0.328343, 0.124039, -0.087689, 47.493577]
-1.2604598999023438 --- [0.19188, 0.379591, 0.253277, 0.266949, 0.21454, 0.142144, -0.112694, 0.081435, -0.037452, 0.213738, 0.491213, 0.902477, 1.523612, 0.1904, -17.116545, 24.112642, 0.220388, 0.198506, 0.048931, 17.360014]
-2.7574100494384766 --- [0.278874, 0.321673, -0.003622, 0.198739, 0.147575, 0.163256, -0.100599, 0.079014, -0.036105, 0.276136, 0.633086, 1.578455, 0.873915, 0.878896, -46.445841, 12.680188, 0.370191, 0.200779, 0.061353, 59.076663]
-1.4571895599365234 --- [0.248797, 0.245123, -0.030736, 0.15345, 0.111039, 0.086951, -0.087284, 0.106367, -0.078434, 0.246276, 0.776564, 0.833394, 1.000563, 1.249781, -36.554641, 2.511232, 0.249449, 0.294191, 0.030285, 63.580143]
-0.31309032440185547 --- [0.148394, 0.160659, 0.206949, 0.171935, 0.086585, -0.013007, -0.057556, 0.076631, -0.09282, -0.038647, 0.508753, 0.420583, 1.89603, 0.093785, -27.90001, -17.99328, 0.224629, 0.171843, 0.058375, 31.234222]
-2.520979881286621 --- [0.17561, 0.232896, 0.034676, 0.207552, 0.043548, 0.037256, -0.111484, 0.085662, -0.064264, -0.046427, 0.829961, 0.857184, 1.61297, 1.235108, -25.270738, -4.573858, 0.198185, 0.124433, 0.119108, 26.524125]
-2.2964301109313965 --- [0.275092, 0.099179, 0.082336, 0.130863, 0.037946, 0.056883, -0.121376, 0.052725, -0.072153, 0.046366, 0.596949, 1.240219, 1.387489, 1.257781, -46.263773, 11.400359, 0.387716, 0.201325, -0.001634, 24.90779]
-0.7480497360229492 --- [0.195458, 0.056825, 0.077832, 0.086412, 0.101503, -0.116017, -0.045616, 0.105944, -0.088354, -0.06871, 1.037374, 1.00544, 1.475762, 1.044343, -48.30816, -7.359849, 0.139683, 0.187563, -0.033238, 41.164179]
-0.10200023651123047 --- [0.29713, 0.23274, 0.018614, 0.056326, -0.01124, -0.018243, -0.054518, 0.122582, 0.053997, 0.04704, 1.23046, 1.192461, 0.946642, 0.896457, -15.967662, -5.558535, 0.349943, 0.260509, 0.0675, 31.597204]
-1.627610206604004 --- [0.250248, 0.321722, 0.084862, 0.222694, 0.104023, -0.04424, -0.070647, 0.119014, -0.061697, -0.002752, 0.718178, 1.305526, 1.10551, 0.758594, -27.911921, -19.586379, 0.197697, 0.068094, 0.037156, 45.826542]
-0.861149787902832 --- [0.155532, 0.203891, 0.007262, 0.186001, -0.005835, -0.05842, -0.157679, 0.061685, -0.129581, -0.264438, 1.268493, 0.68712, 1.036668, 1.055698, -28.646812, 2.216865, 0.254059, 0.267152, -0.008927, 36.111543]
1.0 --- [0.202346, 0.237956, -0.027153, 0.24116, 0.109596, -0.072748, -0.122024, 0.131414, -0.013531, -0.061077, 1.134365, 1.252542, 1.16692, 1.288946, -31.940911, -7.147818, 0.220638, 0.181316, 0.060468, 36.752026]
-0.7172002792358398 --- [0.169811, 0.369299, 0.086704, 0.204733, 0.076452, -0.126133, -0.08851, 0.094613, -0.02095, 0.053493, 0.333788, 1.05142, 1.166282, 1.416638, -5.961654, 5.259676, 0.214935, 0.218554, -0.100013, 37.792552]
0.08259963989257812 --- [0.277537, 0.229169, 0.045781, 0.148763, 0.048753, 0.041853, -0.048172, 0.110696, -0.025022, 0.136971, 1.455704, 0.715265, 1.297034, 0.779068, -27.664933, -9.058256, 0.290016, 0.215104, 0.070253, 55.19256]
-3.3440499305725098 --- [0.294657, 0.120113, 0.057558, 0.24099, 0.011745, -0.055805, -0.167496, 0.046176, -0.058879, 0.060653, 1.303203, 0.603955, 1.016258, 0.364043, -67.232211, -8.923021, 0.260454, 0.258029, -0.091101, 32.872734]
-1.0296697616577148 --- [0.17018, 0.197324, 0.053753, 0.234212, 0.061192, -0.045854, -0.043971, 0.133239, -0.087401, 0.041869, 0.832254, 0.612314, 1.286511, 1.005875, -27.114484, 9.517998, 0.26883, 0.050058, -0.050417, 40.381951]
-2.2801899909973145 --- [0.22614, 0.103046, -0.005964, 0.231157, 0.091434, -0.010449, -0.159777, 0.014489, -0.044201, -0.128581, 0.429229, 0.480591, 1.074469, 0.374302, -27.593403, 13.954641, 0.391351, 0.260541, -0.017516, 37.985482]
-1.7266197204589844 --- [0.227098, 0.120388, 0.085752, 0.219094, 0.045172, 0.047113, -0.178309, 0.034634, -0.025057, 0.082401, 0.939332, 0.880805, 1.296071, 0.679052, -42.74106, 10.771333, 0.316222, 0.159412, -0.057653, 28.348639]
-1.3837203979492188 --- [0.262134, 0.129, 0.041273, 0.237191, 0.183284, -0.071283, -0.133053, 0.064051, -0.063011, -0.087734, 1.331225, 1.001149, 1.031209, 0.944998, -25.32604, -18.285782, 0.398931, 0.161062, -0.055396, 40.973721]
-2.6728200912475586 --- [0.108629, 0.183922, 0.016637, 0.177723, 0.041632, 0.02318, -0.123506, 0.07024, -0.075811, -0.144424, 1.280381, 0.899808, 0.932617, 0.212854, -52.87406, -2.499979, 0.276337, 0.186096, 0.063999, 44.733931]
-0.805689811706543 --- [0.183316, 0.185427, -0.031923, 0.231964, 0.167242, -0.047228, -0.156192, 0.04377, -0.029148, 0.112004, 1.441582, 0.621136, 1.336468, 0.107612, -54.338176, 6.91868, 0.120146, 0.061097, 0.011973, 41.976717]
-3.2099099159240723 --- [0.186144, 0.135482, 0.10672, 0.381046, 0.147237, -0.034146, -0.126818, 0.088233, -0.041919, 0.162097, 1.351107, 0.466925, 1.259527, 0.590772, -46.223, 15.45502, 0.317901, 0.252498, 0.03971, 37.473122]
-3.3644700050354004 --- [0.143556, 0.149885, -0.040304, 0.208645, 0.102057, -0.092453, -0.145674, 0.054961, -0.073402, -0.214073, 1.210795, 1.335193, 1.377474, 0.725277, -33.02906, 6.982403, 0.23543, 0.203905, -0.007375, 30.660597]
-2.5945701599121094 --- [0.11947, 0.066448, -0.078, 0.177356, 0.060185, -0.076205, -0.13753, 0.08726, -0.05591, 0.131936, 1.274964, 0.96342, 0.948803, 1.258335, -37.726019, 10.398819, 0.2333, 0.140588, -0.084937, 52.652281]
-2.60237979888916 --- [0.173138, 0.186803, 0.028355, 0.262961, 0.068145, -0.067054, -0.109535, 0.059443, -0.097899, 0.18571, 1.006683, 0.465758, 1.095303, 0.791577, -37.558216, 29.219698, 0.351241, 0.129412, 0.041794, 43.012873]
-1.3301401138305664 --- [0.222015, 0.152452, 0.017562, 0.341285, 0.129353, 0.003822, -0.046165, 0.116606, 0.029275, 0.005842, 0.981644, 0.201827, 1.210302, 1.147917, -37.229098, 28.401038, 0.303138, 0.194937, 0.072785, 46.675005]
-2.753349781036377 --- [0.184489, 0.172673, -0.004614, 0.285965, -0.034457, -0.125783, -0.143003, 0.079699, -0.047435, -0.196332, 1.171941, 0.655301, 1.247171, 0.666373, -26.408588, 31.913635, 0.326785, 0.123735, -0.001448, 49.146431]
-0.40330028533935547 --- [0.135497, 0.201403, 0.015855, 0.184894, 8.79E-4, 0.051471, -0.103425, 0.114072, -0.069889, -0.128849, 1.507056, 1.014931, 0.871071, 1.123329, -34.256814, 21.184729, 0.391791, 0.219088, -0.050244, 51.149647]
-3.3868398666381836 --- [0.155391, 0.17546, 0.094743, 0.261285, 0.086765, -0.132063, -0.114907, 0.073098, -0.078101, -0.019108, 1.551444, 0.380827, 1.135327, 1.023272, -25.141774, 35.612628, 0.22901, 0.254789, -0.076553, 32.863207]
-2.5971198081970215 --- [0.181151, 0.133684, 0.07599, 0.269537, 0.08464, -0.010251, -0.151316, 0.072672, -0.042844, -0.124298, 1.469559, 0.733163, 1.459669, 0.508343, -24.433579, 14.095684, 0.318705, 0.255458, -0.066468, 44.78313]
-0.9786996841430664 --- [0.130505, 0.09133, 0.021773, 0.280032, 0.09167, -0.053829, -0.08432, 0.102954, -0.077708, 0.004769, 1.252083, 0.007724, 1.540702, 0.694387, -24.831876, 5.699628, 0.262269, 0.265368, 0.010082, 31.354257]
-3.6041297912597656 --- [0.186226, 0.150203, 0.051757, 0.274051, 0.0379, 0.048427, -0.147187, 0.062878, -0.084288, 0.167377, 1.624383, 0.347145, 1.089175, 0.425087, -34.052897, 33.32605, 0.386721, 0.176126, -0.075314, 44.117312]
0.1043996810913086 --- [0.12044, 0.08918, -0.046507, 0.237091, 0.018, -0.079026, -0.042108, 0.113046, -0.00511, 0.137957, 1.623817, 0.186045, 1.276368, 0.942664, -39.127602, 2.769605, 0.288306, 0.189658, -0.038483, 39.641438]
-2.115109920501709 --- [0.14553, 0.096179, 0.046024, 0.278769, 0.048148, -0.01626, -0.129789, 0.042904, -0.084901, 0.054402, 1.565481, 0.427015, 1.182484, 0.683294, -36.94336, 26.106746, 0.251337, 0.274952, 0.003562, 35.913857]
-0.44491004943847656 --- [0.064402, 0.062845, 0.106135, 0.23367, 0.082335, 0.075475, -0.095253, 0.073245, -0.045246, 0.256258, 1.149433, 0.561029, 1.545253, 0.451664, -46.250099, 15.595472, 0.214997, 0.110372, -0.085874, 22.5343]
-0.393890380859375 --- [0.199539, 0.145329, 0.09812, 0.201787, 0.046061, 0.020038, -0.074583, 0.097695, -0.112163, 0.142837, 1.700545, 0.87711, 1.062346, 0.899259, -47.849405, 14.919781, 0.135471, 0.289114, -0.12136, 25.230075]
-2.9235401153564453 --- [0.115568, 0.12764, -0.017184, 0.260456, 0.105885, -0.041763, -0.112512, 0.095737, -0.050474, 0.178332, 1.484992, 0.357135, 1.228934, 0.905945, -31.047757, 31.210693, 0.282331, 0.271478, 0.008688, 4.508436]
-2.057000160217285 --- [0.082515, 0.085965, 0.020631, 0.183179, 0.119333, -0.050978, -0.088434, 0.093878, -0.083644, -0.087284, 1.659362, 0.785066, 1.487233, 0.870151, -57.686837, 21.443631, 0.215096, 0.171512, -0.047683, 12.548842]
-0.7504596710205078 --- [0.175496, 0.136866, 0.053303, 0.217884, 0.097147, -0.159763, -0.084866, 0.048105, -0.061975, 0.194897, 1.419889, 0.944835, 1.535192, 0.943571, -31.151561, -1.720397, 0.324539, 0.203665, -0.044361, 15.502156]
-1.1682701110839844 --- [0.089554, 0.134113, 0.190496, 0.242551, 0.072608, 0.018251, -0.062249, 0.132654, 0.017886, 0.05176, 0.993638, 0.641381, 1.244724, 0.747748, -20.40925, 12.425246, 0.318559, 0.065991, -0.049647, 15.06265]
-1.2969398498535156 --- [0.110171, 0.10294, 0.118648, 0.324137, -0.001205, 0.056267, -0.144473, 0.047217, -0.077998, 0.137591, 1.095759, 0.891853, 1.523038, 0.74378, -36.55345, 11.567918, 0.33319, 0.236359, 0.00909, 28.747874]
-2.0729198455810547 --- [0.161158, 0.026399, 0.033827, 0.221481, 0.141954, -0.078397, -0.123444, 0.072165, -0.100159, 0.226985, 1.312997, 0.476721, 1.396221, 0.467154, -27.129694, 12.713324, 0.164794, 0.170062, 0.074811, 21.304134]
-0.36845970153808594 --- [0.136795, 0.094769, 0.044498, 0.172115, 0.106331, -0.051359, -0.101367, 0.080664, 0.005073, -0.030491, 1.355142, 0.372442, 1.337816, 0.488343, -30.329515, 8.005812, 0.218569, 0.188806, -0.031673, 16.56481]
-2.087319850921631 --- [0.135052, 0.161173, 0.125313, 0.214721, 0.127708, -0.045575, -0.122653, 0.093501, -0.029981, 0.032482, 1.050899, 0.511446, 1.327871, 0.693519, -43.801435, 14.893182, 0.220994, 0.19644, 0.056996, 22.257025]
-2.2085800170898438 --- [0.253989, 0.102962, 0.079461, 0.255815, 0.024527, -0.078379, -0.124, 0.055323, -0.060143, -0.021349, 1.002432, 0.457341, 1.375319, 0.352341, -30.777557, 23.10434, 0.161954, 0.212145, -0.020842, 20.108079]
-1.557490348815918 --- [0.088028, 0.095808, 0.068163, 0.361797, 0.092578, 0.05106, -0.100631, 0.063312, -0.028019, -0.027851, 1.43169, 0.503944, 1.241763, 0.614804, -28.33377, 32.83425, 0.22055, 0.119837, 0.092157, 22.300355]
-2.135000228881836 --- [0.193137, 0.04273, 0.169793, 0.33685, -0.006646, -0.018977, -0.130975, 0.079512, -0.067367, 0.118907, 1.392651, 0.446486, 1.244725, 0.933389, -35.095246, 18.243632, 0.322114, 0.142503, -0.077039, 31.683856]
-1.5713701248168945 --- [0.10163, 0.097978, 0.148268, 0.263401, 0.117003, -0.13163, -0.114367, 0.079604, -0.047603, 0.197207, 1.158311, 0.687548, 1.284165, 0.301212, -39.549302, 15.740694, 0.31649, 0.108319, 0.080379, 25.1873]
-3.2350502014160156 --- [0.098548, 0.109236, 0.116604, 0.225719, 0.194076, -0.065104, -0.046117, 0.111996, -0.095836, 0.102135, 1.282212, 0.623448, 1.3197, 0.647105, -39.878893, 10.987986, 0.228621, 0.10266, 0.093813, 19.897388]
-3.0256900787353516 --- [0.185178, 0.102368, 0.016201, 0.324268, 0.11733, -0.095072, -0.093261, 0.099728, -0.093747, 0.076856, 1.214839, 0.223256, 1.389753, 0.588602, -40.614248, 23.699993, 0.308052, 0.233028, -0.014596, 19.772856]
-2.8973703384399414 --- [0.053362, 0.096139, 0.03152, 0.28265, 0.071372, -0.106639, -0.112169, 0.101132, -0.062896, 0.043059, 1.239296, 0.982375, 1.529112, 0.010664, -46.291499, 22.51795, 0.177301, 0.141649, 0.049838, 7.567421]
-1.7848501205444336 --- [0.16587, 0.169509, 0.01665, 0.263275, 0.116427, -0.07342, -0.106449, 0.056364, -0.073149, -0.115442, 0.958274, 0.449605, 1.368089, 0.822814, -22.706762, 9.134709, 0.197758, 0.28146, 0.102049, 11.912908]
-2.970860004425049 --- [0.133746, 0.10142, 0.007819, 0.273325, 0.055155, -0.044586, -0.103016, 0.061348, -0.077862, 0.036729, 1.226615, 0.884021, 1.394774, 0.918624, -37.698677, -2.973121, 0.179881, 0.144375, -0.045138, 29.957269]
-1.6643800735473633 --- [0.18155, 0.065189, 0.009451, 0.237527, 0.067916, -0.105149, -0.104221, 0.082282, -0.061703, 0.037617, 1.424324, 0.516621, 1.317711, 0.949417, -31.160571, 15.892498, 0.232681, 0.068884, 0.03647, 26.076961]
-3.685999870300293 --- [0.16529, 0.091121, 0.021011, 0.257831, 0.076375, -0.050643, -0.141327, 0.065879, -0.078075, 0.017939, 1.454626, 0.434167, 1.132523, 0.418689, -30.841711, 4.536686, 0.205004, 0.198668, 0.03612, 17.395999]
-1.885939598083496 --- [0.14632, 0.092488, 0.024347, 0.26412, 0.04808, -0.045564, -0.129765, 0.06749, -0.092907, 0.157849, 1.408884, 0.799375, 1.379883, 0.278693, -37.073231, 20.718614, 0.326337, 0.178059, 0.059511, 20.137531]
-2.296370029449463 --- [0.139591, 0.133164, 0.085724, 0.221926, 0.08323, -0.07353, -0.12055, 0.078892, -0.053337, 0.197013, 1.52593, 0.375206, 1.252894, 0.859118, -42.943496, 18.901478, 0.270021, 0.197915, 0.064404, 25.233448]
-2.3343000411987305 --- [0.147222, 0.100088, 0.086717, 0.244328, 0.189134, -0.07875, -0.1355, 0.038389, -0.05797, 0.155583, 1.336659, 0.86106, 1.492573, 0.453352, -48.430235, 24.35437, 0.214073, 0.136021, 0.09192, 36.939294]
-2.8068199157714844 --- [0.178419, 0.124448, 0.011256, 0.202626, 0.031997, -0.028169, -0.151609, 0.057779, -0.056537, -0.018331, 1.262817, 0.547759, 1.470103, 1.057335, -40.658188, 19.432596, 0.289636, 0.221958, 0.138206, 30.836827]
-3.5723299980163574 --- [0.168754, 0.110832, 0.015228, 0.308878, 0.062078, -0.057593, -0.140833, 0.062274, -0.031387, 0.19658, 1.479646, 0.386466, 1.089512, 1.267581, -31.492663, 34.840017, 0.277228, 0.190329, 0.004006, 30.700962]
-1.8511695861816406 --- [0.125353, 0.104595, 0.10129, 0.251223, 0.033755, 0.014637, -0.117729, 0.044243, -0.052579, -0.005037, 1.27009, 0.404828, 1.268865, 0.565202, -37.700764, 28.227123, 0.188581, 0.186119, -0.03409, 36.746078]
-1.9113101959228516 --- [0.161081, 0.154448, 0.032423, 0.293964, 0.05748, -0.014449, -0.120161, 0.085887, -0.057113, 0.198267, 1.584078, 0.485615, 1.515122, 0.681648, -35.459537, 24.556044, 0.224239, 0.145257, -0.010736, 39.258597]
-3.608290195465088 --- [0.196587, 0.099849, 0.066176, 0.174668, 0.099929, 0.004693, -0.14452, 0.071192, -0.036486, -0.015376, 1.35185, 0.357319, 1.64144, 0.882244, -48.750193, 14.928165, 0.374377, 0.116686, 0.005441, 24.423538]
-2.2161002159118652 --- [0.070224, 0.112553, 0.046263, 0.205566, 0.053798, 0.001937, -0.132326, 0.06602, -0.092904, -0.129478, 1.512569, 0.65602, 1.247385, 0.578916, -45.226123, 29.842253, 0.182308, 0.185825, 0.00274, 45.237086]
-1.9712896347045898 --- [0.136826, 0.087835, 0.017571, 0.242352, 0.0452, -0.098857, -0.116592, 0.084795, -0.068704, -0.109521, 1.0991, 0.591253, 1.187979, 0.460238, -28.89441, 20.994364, 0.349668, 0.175979, 0.008813, 52.120047]
-2.5886101722717285 --- [0.137152, 0.117764, 0.02416, 0.273748, 0.02098, -0.066206, -0.104812, 0.042984, -0.058429, 0.172214, 1.455849, 0.738921, 1.510807, 0.818915, -43.4468, 13.442309, 0.288031, 0.134074, -0.003931, 41.083424]
-2.0085296630859375 --- [0.217535, 0.101195, 0.016236, 0.30575, 0.05233, -0.061463, -0.11138, 0.091161, -0.073197, -0.02316, 1.279939, 0.328799, 1.364771, 0.810248, -50.066208, 17.45302, 0.155061, 0.130432, 0.05129, 34.880542]
-4.1023101806640625 --- [0.137631, 0.087347, 0.044405, 0.266663, 0.012646, -0.086979, -0.147554, 0.078993, -0.049302, 0.183122, 1.445977, 0.546441, 1.493669, 0.980231, -45.844035, 13.300562, 0.193511, 0.114199, 0.032615, 31.335114]
-3.8749399185180664 --- [0.128384, 0.113403, 0.030822, 0.338226, 0.029251, -0.035356, -0.148696, 0.028699, -0.075556, 0.144288, 1.474305, 0.554092, 1.384706, 0.497762, -44.315099, 21.570975, 0.275187, 0.158816, -0.088892, 45.247251]
-3.3237500190734863 --- [0.181008, 0.072484, 0.015428, 0.311283, 0.041359, -0.070667, -0.114178, 0.097108, -0.03063, 0.05756, 1.538869, 0.764413, 1.360702, 0.770484, -36.451566, 16.02425, 0.323118, 0.167731, -0.091197, 29.508543]
-2.448160171508789 --- [0.237886, 0.017838, -0.007167, 0.307551, 0.07941, -0.117742, -0.116968, 0.061378, -0.086433, 0.077832, 1.001308, 0.379491, 1.5974, 0.587912, -49.562128, 19.377644, 0.189772, 0.149183, 0.057285, 26.749437]
-3.2513298988342285 --- [0.231799, 0.12464, -0.019661, 0.246401, 0.055111, -0.040202, -0.125565, 0.087837, -0.084982, 0.090151, 1.096544, 0.391741, 1.600586, 0.525262, -45.363151, 21.200476, 0.205643, 0.137196, 0.002123, 30.918815]
-2.541289806365967 --- [0.135276, 0.107085, -0.012247, 0.28901, 0.086682, -0.096847, -0.132412, 0.061608, -0.076215, -0.033124, 0.9579, 0.725302, 1.296107, 0.769869, -58.816349, 12.880961, 0.328175, 0.207477, 7.58E-4, 29.023929]
-2.9024295806884766 --- [0.135729, 0.066204, 0.011766, 0.244002, 0.119107, -0.007354, -0.106475, 0.078478, -0.046354, -0.028291, 1.46628, 0.615018, 1.3251, 0.767928, -40.152038, 18.563149, 0.260725, 0.233989, 0.013295, 38.380082]
-3.4280200004577637 --- [0.154189, 0.086228, 0.043651, 0.29326, 0.093369, -0.077678, -0.12915, 0.038596, -0.091226, -0.080454, 1.315672, 0.607493, 1.385323, 0.690956, -50.412599, 21.801677, 0.239184, 0.120534, 0.081696, 39.833085]
-3.152279853820801 --- [0.239991, 0.082265, 0.031121, 0.241195, 0.037981, -0.046404, -0.107977, 0.071404, -0.071415, 0.129543, 1.465217, 0.349589, 1.593774, 0.56287, -59.60202, 26.988087, 0.281445, 0.299095, 0.056575, 37.180056]
-4.23783016204834 --- [0.172044, 0.062845, 0.034391, 0.228151, 0.085472, -0.074982, -0.159921, 0.064284, -0.045584, 0.029574, 1.047093, 0.747993, 1.443055, 0.771678, -61.370361, 6.513046, 0.140302, 0.157536, 0.031078, 35.590555]
-2.48960018157959 --- [0.174598, 0.085237, 0.031642, 0.28463, 0.11205, 0.039799, -0.129985, 0.056791, -0.083915, 0.108427, 1.213852, 0.754125, 1.266351, 0.831913, -57.082264, 22.108618, 0.293932, 0.235367, -0.038882, 29.99945]
-2.030029773712158 --- [0.155301, 0.109348, 0.00855, 0.226665, 0.058753, -0.038804, -0.146939, 0.042285, -0.080459, -0.182176, 1.485795, 0.481871, 1.459608, 0.400115, -55.879422, 4.826448, 0.137132, 0.161432, 0.126115, 29.639287]
-3.060120105743408 --- [0.174078, 0.143466, -0.004338, 0.226839, 0.110102, -0.03829, -0.094689, 0.089472, -0.049813, 0.148186, 1.330712, 0.332549, 1.263162, 0.867672, -46.174748, 37.139306, 0.208518, 0.213939, 0.095905, 44.465572]
-3.3197999000549316 --- [0.211821, 0.113101, -0.047079, 0.241365, 0.086739, -0.004065, -0.144784, 0.068477, -0.0451, -0.142036, 1.45288, 0.486069, 1.427675, 0.858819, -48.196178, 11.056169, 0.139564, 0.191041, 0.03691, 46.560229]
-3.385429859161377 --- [0.185581, 0.053086, -0.033197, 0.218368, 0.088802, -0.046129, -0.143742, 0.054229, -0.083304, -0.105765, 1.473849, 0.363281, 1.576976, 0.629105, -53.045993, 8.819155, 0.212254, 0.167565, 0.013264, 32.462435]
-3.1301498413085938 --- [0.207595, 0.062522, -0.010764, 0.298486, 0.065978, -0.00349, -0.132674, 0.07582, -0.055635, -0.190964, 1.455583, 0.372664, 1.451772, 1.010486, -52.853316, 16.74818, 0.230315, 0.173242, -0.013947, 41.544831]
-3.8360800743103027 --- [0.156844, 0.083051, -0.048437, 0.228057, 0.048854, -0.014069, -0.126958, 0.077583, -0.07634, 0.055262, 1.110158, 0.620888, 1.409772, 0.755786, -53.872978, 18.706417, 0.232238, 0.107339, 0.034464, 37.906006]
-2.993690013885498 --- [0.171419, 0.127945, -0.046801, 0.283601, 0.064567, 0.007137, -0.149422, 0.058157, -0.055046, -0.016884, 1.445058, 0.383058, 1.620835, 0.501081, -57.357942, 9.594937, 0.182419, 0.147186, 0.023594, 42.688587]
-3.0747900009155273 --- [0.143843, 0.089448, -0.039492, 0.245315, 0.082561, -0.04809, -0.121827, 0.063905, -0.074013, 0.031474, 1.485515, 0.612003, 1.237618, 0.414318, -52.645622, 9.253694, 0.162437, 0.206546, 0.010546, 38.002161]
-2.8180999755859375 --- [0.170071, 0.071634, 0.007305, 0.229227, 0.071676, -0.025566, -0.150485, 0.056789, -0.07107, -0.056787, 1.285279, 0.576171, 1.540754, 0.719991, -45.528433, 7.118064, 0.271091, 0.256826, -0.018046, 42.301849]
-2.918109893798828 --- [0.165694, 0.039702, -0.013933, 0.293469, 0.006934, 0.026127, -0.125504, 0.070574, -0.08309, -0.011946, 1.318656, 0.6545, 1.494989, 0.58412, -55.488178, 14.962698, 0.233986, 0.20512, 0.02859, 29.280258]
-3.3013200759887695 --- [0.177573, 0.095002, -0.016444, 0.257142, 0.061681, 0.008825, -0.130398, 0.040855, -0.079005, 0.067969, 1.252039, 0.422406, 1.333464, 0.43172, -55.118367, 11.885462, 0.318005, 0.192762, 0.044912, 42.504478]
-2.9755802154541016 --- [0.177151, 0.085893, -0.016726, 0.209285, 0.06483, -0.094279, -0.116567, 0.08033, -0.076732, -0.042692, 1.294197, 0.41256, 1.479135, 0.554904, -47.223378, 13.924705, 0.272593, 0.150362, 0.029653, 45.362158]
-2.7611799240112305 --- [0.228997, 0.092816, -0.015967, 0.258316, 0.096595, 0.049158, -0.110818, 0.061465, -0.080123, -0.069356, 1.260065, 0.644018, 1.487293, 0.565935, -50.212084, 11.852001, 0.217922, 0.13983, 0.078568, 40.135814]
-3.4522600173950195 --- [0.158235, 0.058152, -0.004129, 0.24666, 0.072528, -0.079909, -0.128588, 0.063139, -0.095383, 0.001789, 1.218209, 0.684457, 1.500533, 0.57279, -47.70733, 8.157469, 0.242636, 0.216631, 0.06015, 37.043573]
-3.5656299591064453 --- [0.162316, 0.077219, -0.042121, 0.206582, 0.111302, -0.031147, -0.128935, 0.086602, -0.057946, 0.04129, 1.214649, 0.686459, 1.410281, 0.456407, -47.530975, 16.3083, 0.170856, 0.132959, 0.044063, 36.046376]
-3.70389986038208 --- [0.147064, 0.078808, -0.017642, 0.302853, 0.100019, -0.012102, -0.146064, 0.073059, -0.04973, -0.005127, 1.452398, 0.532665, 1.417361, 0.491225, -51.559333, 18.430019, 0.168053, 0.15336, 0.008958, 48.324297]
-3.224830150604248 --- [0.16703, 0.069906, 0.005372, 0.265243, 0.088607, -0.028372, -0.140117, 0.059672, -0.080795, 0.07103, 1.227625, 0.589107, 1.500135, 0.5314, -54.989734, 10.736872, 0.202238, 0.137504, 0.027886, 38.914489]
-3.8934102058410645 --- [0.16055, 0.09328, -0.0439, 0.239157, 0.109253, 0.010689, -0.126349, 0.055948, -0.105136, 0.063913, 1.187712, 0.608333, 1.546141, 0.642087, -51.918635, 7.69744, 0.223399, 0.102285, -0.01045, 32.485168]
-3.290180206298828 --- [0.185662, 0.091468, -0.012206, 0.24302, 0.075104, -0.027186, -0.105903, 0.067278, -0.083831, -0.001234, 1.252869, 0.620728, 1.531051, 0.588406, -47.212153, 11.055327, 0.247505, 0.195957, -0.010781, 38.200286]
-3.330699920654297 --- [0.160964, 0.091009, -0.020425, 0.272781, 0.084259, -0.056041, -0.131494, 0.066643, -0.089846, 0.062647, 1.275222, 0.570924, 1.44142, 0.813791, -43.087099, 11.773973, 0.278009, 0.189365, 0.024979, 40.823925]
-3.8790698051452637 --- [0.175687, 0.066184, -0.002968, 0.255862, 0.087286, -0.02873, -0.137767, 0.067638, -0.075391, 0.002162, 1.157739, 0.729168, 1.567689, 0.550298, -46.328038, 12.790801, 0.189548, 0.168061, 0.014842, 29.704975]
-3.392670154571533 --- [0.187413, 0.076057, -0.03636, 0.256689, 0.10083, -0.003159, -0.105855, 0.069135, -0.087835, -0.025657, 1.325838, 0.713364, 1.492985, 0.600915, -45.175873, 10.778591, 0.216503, 0.165996, 0.023687, 37.178249]
-3.666059970855713 --- [0.15043, 0.0833, -0.007631, 0.251593, 0.049514, -0.039318, -0.126031, 0.065795, -0.072992, 0.015195, 1.31378, 0.470939, 1.549788, 0.744869, -58.34241, 10.960588, 0.230668, 0.200166, 0.0846, 34.043714]
-3.92048978805542 --- [0.146751, 0.095448, -0.002315, 0.267074, 0.085653, 0.025879, -0.128302, 0.06303, -0.094666, 0.03183, 1.216728, 0.633661, 1.578376, 0.714991, -50.442783, 9.888582, 0.290544, 0.119219, 0.005244, 32.971197]
-3.4325098991394043 --- [0.185182, 0.068286, -0.032326, 0.295838, 0.07057, -0.003636, -0.097377, 0.056165, -0.0998, 0.007645, 1.143591, 0.401211, 1.455142, 0.581273, -54.25709, 13.654321, 0.228558, 0.186844, 0.010585, 38.077623]
-3.7505598068237305 --- [0.187918, 0.055783, -0.020631, 0.298882, 0.092043, 0.00167, -0.110446, 0.056324, -0.093696, 0.068213, 1.32104, 0.394094, 1.59647, 0.591996, -46.946141, 14.118655, 0.265965, 0.151176, 0.010207, 34.993798]
-3.555079936981201 --- [0.192175, 0.09705, -0.044856, 0.280154, 0.090567, -0.007664, -0.149465, 0.061073, -0.094741, -0.044544, 1.270398, 0.397, 1.486616, 0.792217, -51.445886, 12.955538, 0.234862, 0.180895, -0.018921, 36.739538]
-3.6224899291992188 --- [0.163194, 0.078609, -0.029959, 0.250406, 0.060774, 0.022817, -0.133332, 0.067865, -0.079059, 0.059264, 1.336354, 0.541455, 1.555063, 0.688089, -51.548333, 6.342097, 0.285441, 0.189019, -0.003888, 36.452606]
-3.393209934234619 --- [0.172599, 0.087979, -0.02614, 0.269443, 0.09063, 0.002941, -0.1407, 0.043659, -0.085964, -0.030241, 1.314309, 0.554846, 1.556802, 0.684578, -54.83684, 9.215852, 0.216754, 0.179431, 0.010319, 36.407683]
-2.995920181274414 --- [0.188729, 0.061616, -0.003121, 0.300216, 0.105041, -0.012406, -0.116989, 0.073574, -0.08488, -0.018948, 1.293783, 0.795344, 1.418556, 0.618595, -52.490121, 15.49849, 0.212471, 0.184461, -0.019526, 39.188091]
-3.0832901000976562 --- [0.179361, 0.101384, -0.009926, 0.289791, 0.08506, 0.018515, -0.122722, 0.047761, -0.099627, 0.008034, 1.130672, 0.512096, 1.571301, 0.612667, -54.6014, 11.42597, 0.246933, 0.154493, -0.015308, 40.809915]
-3.6436100006103516 --- [0.144634, 0.071131, 0.002483, 0.260932, 0.0878, -0.013625, -0.138913, 0.070944, -0.093628, -0.028591, 1.115523, 0.654178, 1.507205, 0.609561, -52.640277, 5.165973, 0.256934, 0.158502, 0.001951, 40.075601]
-3.1133899688720703 --- [0.140048, 0.042099, -0.016474, 0.276745, 0.0686, -0.02735, -0.125152, 0.052758, -0.077045, 0.101535, 1.308476, 0.586092, 1.45622, 0.750209, -58.403343, 12.575374, 0.207859, 0.231289, -0.002078, 47.089439]
-3.2417402267456055 --- [0.186423, 0.094425, -0.037726, 0.234748, 0.074456, 0.015416, -0.128078, 0.072993, -0.063593, 0.045863, 1.201876, 0.712383, 1.496757, 0.554638, -54.60862, 14.120009, 0.223177, 0.163859, 0.034806, 45.874045]
-3.1975598335266113 --- [0.183663, 0.110442, -0.013824, 0.292639, 0.076003, -0.033542, -0.125107, 0.08294, -0.074043, 0.105681, 1.113053, 0.568152, 1.525002, 0.652403, -50.35508, 16.130037, 0.212748, 0.243665, -0.006608, 37.750299]
-3.2495598793029785 --- [0.181402, 0.10497, -0.018114, 0.263082, 0.057517, 0.002799, -0.125839, 0.036573, -0.090312, 0.056341, 1.323037, 0.777202, 1.434128, 0.628099, -56.693373, 16.846115, 0.170546, 0.202625, 7.01E-4, 43.537858]
-3.4857897758483887 --- [0.207305, 0.09047, -0.042903, 0.292265, 0.09963, 0.018759, -0.126727, 0.060462, -0.08147, 0.115165, 1.253445, 0.462364, 1.486231, 0.643894, -50.089812, 14.379678, 0.218424, 0.245465, 0.019631, 39.192296]
-3.1927099227905273 --- [0.18131, 0.113215, -0.00212, 0.304533, 0.040807, -0.044853, -0.129728, 0.070271, -0.085734, 0.10524, 1.250058, 0.758011, 1.64373, 0.466765, -54.57747, 7.694662, 0.228679, 0.183222, 0.03899, 46.565965]
-2.8948001861572266 --- [0.189269, 0.101499, -0.033908, 0.262747, 0.096394, 0.019805, -0.133736, 0.075473, -0.047022, 0.145317, 1.213529, 0.68289, 1.53675, 0.650909, -49.471003, 13.715442, 0.177773, 0.227592, 0.034856, 43.575724]
-3.2012600898742676 --- [0.189037, 0.075965, 0.010357, 0.32198, 0.088366, 0.020342, -0.138351, 0.042129, -0.073248, 0.137844, 1.352174, 0.525034, 1.574128, 0.552392, -50.938766, 10.182622, 0.232216, 0.193063, 0.052285, 47.322076]
-3.547329902648926 --- [0.186788, 0.101072, -0.00412, 0.240958, 0.091402, -0.018264, -0.123463, 0.065574, -0.067167, 0.21021, 1.196919, 0.669718, 1.628973, 0.396272, -54.709076, 18.540322, 0.232094, 0.24142, 0.039576, 45.002416]
-3.5481700897216797 --- [0.180879, 0.059994, -0.03387, 0.292898, 0.096771, -0.002982, -0.121032, 0.063752, -0.071582, 0.20623, 1.258009, 0.593505, 1.579336, 0.642016, -53.174383, 11.357047, 0.198098, 0.166188, 0.037364, 45.094067]
-3.7464399337768555 --- [0.178039, 0.065016, -0.039869, 0.311066, 0.085871, -0.012593, -0.135765, 0.071949, -0.074111, 0.170099, 1.288949, 0.643443, 1.602707, 0.673978, -53.91056, 19.312818, 0.191527, 0.21653, -0.0139, 49.638762]
-3.1935200691223145 --- [0.176298, 0.074311, -0.050372, 0.269011, 0.080396, 0.033035, -0.11449, 0.062688, -0.085983, 0.12077, 1.23807, 0.696723, 1.528557, 0.616983, -56.7121, 14.861826, 0.238911, 0.180946, 0.006099, 38.877933]
-3.6214098930358887 --- [0.166029, 0.072833, -0.027188, 0.303344, 0.063629, -0.011205, -0.134956, 0.040339, -0.083171, 0.187735, 1.298161, 0.702823, 1.662926, 0.616902, -56.469429, 15.951616, 0.199743, 0.183315, 0.023034, 41.88329]
-3.4777798652648926 --- [0.187034, 0.046617, 0.004738, 0.311491, 0.098176, 0.020886, -0.126494, 0.076316, -0.077608, 0.142576, 1.07482, 0.733995, 1.486224, 0.560479, -45.785778, 16.087567, 0.187055, 0.228856, 0.013092, 44.744106]
-4.057069778442383 --- [0.190896, 0.067429, -0.008244, 0.330902, 0.070814, 0.013929, -0.136207, 0.079124, -0.053574, 0.092385, 1.174254, 0.716371, 1.544909, 0.586236, -53.087141, 17.958081, 0.236329, 0.242574, -0.00338, 42.832851]
-3.060609817504883 --- [0.196675, 0.073964, -0.017719, 0.32737, 0.070068, 0.010358, -0.130039, 0.05529, -0.079724, 0.179217, 1.278381, 0.913178, 1.597145, 0.565537, -48.708905, 9.091667, 0.215871, 0.212168, 0.041585, 38.159006]
-3.495069980621338 --- [0.208415, 0.091891, -0.04378, 0.293039, 0.043967, 0.030557, -0.136429, 0.046611, -0.071564, 0.158969, 1.198054, 0.673784, 1.552443, 0.473411, -45.712749, 13.788893, 0.278912, 0.192686, 0.021325, 42.050639]
-4.187489986419678 --- [0.194556, 0.103806, 0.014612, 0.297753, 0.081975, 0.039124, -0.15179, 0.050659, -0.067852, 0.120092, 1.087968, 0.616629, 1.695232, 0.141779, -50.333444, 16.959591, 0.205, 0.174728, 0.005273, 46.621991]
-3.46697998046875 --- [0.174693, 0.092894, -0.021723, 0.279941, 0.036939, 0.004553, -0.136242, 0.049982, -0.06678, 0.239997, 1.138238, 0.708216, 1.639823, 0.46614, -50.066414, 14.774139, 0.235427, 0.218839, 0.04578, 40.545216]
-3.5812201499938965 --- [0.179965, 0.108599, -0.031169, 0.305345, 0.056443, 0.050994, -0.124628, 0.060966, -0.076257, 0.180901, 1.200565, 0.731671, 1.477798, 0.399092, -58.726237, 15.150509, 0.2272, 0.189542, 0.031275, 34.574561]
-3.730790138244629 --- [0.174776, 0.075657, 0.019579, 0.271548, 0.079725, 0.027839, -0.141464, 0.052111, -0.079341, 0.150089, 1.213794, 1.006438, 1.759722, 0.476674, -53.661444, 19.300697, 0.245118, 0.187607, 0.042206, 44.286317]
-4.763030052185059 --- [0.172319, 0.089401, 0.013448, 0.323483, 0.078261, 0.017067, -0.149659, 0.044192, -0.092091, 0.190068, 1.266848, 0.876092, 1.554788, 0.456846, -56.568792, 12.492641, 0.18241, 0.192065, 0.034997, 41.623849]
-3.6945900917053223 --- [0.162229, 0.05991, 0.003737, 0.29647, 0.068434, 0.05009, -0.136599, 0.063385, -0.094241, 0.022238, 0.964113, 0.70634, 1.572107, 0.476604, -58.909718, 12.11629, 0.127963, 0.143164, 0.033874, 46.655844]
-3.052000045776367 --- [0.179333, 0.099553, 6.6E-5, 0.26723, 0.065299, -0.015967, -0.132941, 0.059901, -0.075603, 0.055607, 1.313468, 0.62632, 1.602807, 0.625347, -60.587681, 9.980819, 0.218775, 0.168919, 0.049212, 40.15723]
-3.212790012359619 --- [0.178411, 0.076917, -0.041445, 0.313146, 0.087961, -0.008257, -0.153377, 0.042705, -0.039689, 0.223556, 1.191812, 0.67794, 1.549026, 0.505269, -60.175444, 18.701225, 0.188013, 0.203329, 0.012683, 42.364304]
-3.03941011428833 --- [0.193547, 0.096577, -0.022971, 0.293195, 0.066315, 2.14E-4, -0.152514, 0.042353, -0.037919, 0.107654, 1.213981, 0.65737, 1.573998, 0.401409, -63.09425, 9.361442, 0.211991, 0.206636, 0.035692, 41.030588]
-3.2875499725341797 --- [0.180961, 0.095726, 0.010938, 0.323905, 0.065203, 0.015505, -0.132705, 0.061187, -0.069089, 0.096688, 1.261888, 0.876877, 1.603572, 0.362291, -53.618692, 14.650805, 0.23874, 0.197511, 0.037504, 42.319914]
-4.089379787445068 --- [0.204618, 0.103496, -0.022319, 0.2746, 0.060704, 0.033315, -0.14923, 0.058032, -0.067831, 0.141983, 1.127963, 0.796189, 1.58923, 0.422709, -57.716348, 15.126976, 0.220335, 0.136613, 0.006988, 45.005835]
-3.0337300300598145 --- [0.204162, 0.072714, -0.035207, 0.281438, 0.049885, 0.031998, -0.126636, 0.082472, -0.053324, 0.06854, 1.107181, 0.862579, 1.663574, 0.320755, -59.846358, 10.356979, 0.200724, 0.192123, 0.02482, 38.206889]
-3.2726402282714844 --- [0.162302, 0.054602, -0.024025, 0.267941, 0.05973, 0.020282, -0.10504, 0.076398, -0.057451, 0.078098, 1.151767, 0.891953, 1.635898, 0.405505, -51.569355, 15.981968, 0.183523, 0.188956, 0.057424, 40.392128]
-3.5192198753356934 --- [0.208107, 0.064374, 9.74E-4, 0.304327, 0.090832, 0.031501, -0.14131, 0.038288, -0.073032, 0.100404, 1.031581, 0.862574, 1.662563, 0.453772, -60.501285, 18.719687, 0.243248, 0.18847, 0.032439, 39.894899]
-3.7603201866149902 --- [0.185706, 0.086225, 0.004787, 0.277142, 0.055035, 0.024236, -0.144311, 0.063357, -0.069563, 0.211166, 1.172718, 0.764266, 1.738055, 0.721791, -51.076095, 21.288183, 0.273998, 0.151294, 0.051773, 39.06348]
-3.6407299041748047 --- [0.197187, 0.072232, -0.041164, 0.264348, 0.044951, 0.032772, -0.131797, 0.042571, -0.086939, 0.080314, 1.209307, 0.765284, 1.730065, 0.512517, -49.46313, 13.00462, 0.220199, 0.194179, 0.018492, 40.746045]
-3.4190402030944824 --- [0.197161, 0.05246, -0.035696, 0.333722, 0.070962, 0.029321, -0.100505, 0.054954, -0.105738, 0.122388, 1.194944, 0.955122, 1.707116, 0.540537, -50.880055, 14.304112, 0.285867, 0.194688, 0.056336, 43.6739]
-3.1399898529052734 --- [0.179893, 0.086514, -0.005327, 0.319876, 0.078316, 0.031887, -0.136153, 0.051221, -0.055928, 0.170458, 1.179449, 0.750893, 1.618421, 0.587403, -49.155759, 16.518092, 0.236333, 0.209852, 0.001015, 39.978647]
-3.2933897972106934 --- [0.193277, 0.071156, -0.047635, 0.295061, 0.048821, 0.017798, -0.130289, 0.06288, -0.095651, 0.108107, 1.248367, 0.930927, 1.606422, 0.682738, -51.595816, 13.069502, 0.243052, 0.159475, 0.023026, 41.080567]
-3.580160140991211 --- [0.154298, 0.048312, -0.038233, 0.279979, 0.097992, 0.062331, -0.118612, 0.068333, -0.073776, 0.072903, 1.187626, 0.782817, 1.629011, 0.464704, -58.023797, 11.009769, 0.186287, 0.196212, 0.008575, 43.100952]
-3.6809802055358887 --- [0.169678, 0.083112, -0.003921, 0.331347, 0.082435, 0.016482, -0.105983, 0.065469, -0.080418, 0.017524, 1.112936, 0.99512, 1.672303, 0.609532, -49.536175, 18.842402, 0.239653, 0.177657, -0.021392, 46.355372]
-3.6431498527526855 --- [0.183213, 0.0799, -0.071563, 0.309121, 0.039599, 0.036685, -0.124397, 0.072453, -0.085647, 0.141987, 1.325882, 1.009497, 1.564326, 0.51187, -53.677969, 15.473989, 0.265495, 0.227053, 0.015713, 35.112917]
-3.5805301666259766 --- [0.182203, 0.074698, -0.061385, 0.330325, 0.090096, 0.004706, -0.138928, 0.060946, -0.07836, 0.129896, 1.153879, 0.768866, 1.512773, 0.736904, -43.14849, 12.13716, 0.228888, 0.216023, 0.030447, 42.246506]
-2.8902101516723633 --- [0.188198, 0.085762, -0.030616, 0.266756, 0.013839, 0.074938, -0.145303, 0.054133, -0.063874, 0.111327, 1.026429, 0.676639, 1.341678, 0.69101, -49.522865, 17.801713, 0.130439, 0.18079, 0.005328, 38.037352]
-3.7985801696777344 --- [0.182136, 0.052411, -0.059856, 0.288095, 0.043525, 0.018443, -0.125896, 0.071596, -0.086338, 0.042021, 1.237816, 0.888212, 1.658929, 0.434117, -57.581121, 18.397637, 0.179299, 0.149137, 0.02862, 39.176108]
-2.9057998657226562 --- [0.19448, 0.08016, -0.049998, 0.33871, 0.033367, 0.004465, -0.128581, 0.079281, -0.046041, 0.17832, 1.248717, 0.71684, 1.639605, 0.630195, -47.671572, 19.262653, 0.29101, 0.218883, 0.004836, 40.237517]
-3.9129199981689453 --- [0.181611, 0.105664, -0.027884, 0.272923, 0.012933, 0.08194, -0.154328, 0.051188, -0.077734, 0.056309, 1.302368, 0.914314, 1.49072, 0.775731, -47.991647, 18.931763, 0.285081, 0.14538, 0.027313, 38.414838]
-3.1944398880004883 --- [0.209926, 0.109595, -0.045235, 0.287901, 0.033193, 0.060434, -0.162748, 0.019699, -0.061858, 0.217072, 1.230008, 0.711662, 1.568638, 0.633278, -47.327276, 18.202313, 0.125718, 0.143897, 0.06482, 36.829017]
-2.9371700286865234 --- [0.144946, 0.087056, -0.016789, 0.274152, 0.005905, 9.76E-4, -0.101258, 0.055971, -0.0997, 0.007211, 1.18568, 0.717393, 1.650729, 0.548963, -46.410049, 11.184079, 0.1719, 0.203061, -0.024792, 46.352089]
-3.0208802223205566 --- [0.162411, 0.076589, -0.075182, 0.311873, -0.023528, 0.07505, -0.156879, 0.067411, -0.067796, 0.163142, 1.21789, 0.847199, 1.725211, 0.19839, -44.970535, 18.281694, 0.2552, 0.263317, -0.020282, 47.421192]
-2.941929817199707 --- [0.153386, 0.09728, -0.072642, 0.333998, -0.005068, 0.045271, -0.118004, 0.071914, -0.052717, 0.088237, 1.090872, 0.753835, 1.518208, 0.669782, -55.447864, 21.036013, 0.181892, 0.212016, -0.047746, 41.584311]
-3.581160068511963 --- [0.1744, 0.091907, -0.093808, 0.323289, 0.046881, 0.019427, -0.124047, 0.058708, -0.056223, 0.092352, 1.232863, 1.12882, 1.679869, 0.577502, -56.711511, 11.803186, 0.243707, 0.218194, 0.006966, 42.763047]
-2.9809999465942383 --- [0.177276, 0.113321, -0.045469, 0.258316, 0.034583, 0.034987, -0.111668, 0.067246, -0.070901, 0.165276, 1.052482, 0.839586, 1.819988, 0.54837, -49.590401, 14.438268, 0.195779, 0.202429, -0.00592, 38.891546]
-3.0615501403808594 --- [0.162869, 0.098377, -0.059202, 0.3485, 0.056901, 0.007908, -0.110776, 0.076324, -0.062662, 0.13285, 1.073197, 0.853631, 1.533816, 0.549879, -44.922577, 14.59052, 0.150366, 0.183767, 0.012106, 37.49908]
-3.4739198684692383 --- [0.167415, 0.091656, -0.048111, 0.310729, 0.047998, 0.040167, -0.120804, 0.050954, -0.088494, 0.054179, 1.101682, 0.631164, 1.53226, 0.601709, -54.067944, 19.720683, 0.192925, 0.229774, -0.010095, 38.591611]
-3.068729877471924 --- [0.208068, 0.094578, -0.078314, 0.275187, -0.003097, 0.047602, -0.113511, 0.064316, -0.08171, 0.037165, 1.181709, 0.899696, 1.857004, 0.514263, -51.585493, 11.973081, 0.185639, 0.204747, -0.046707, 40.465868]
-3.271599769592285 --- [0.194835, 0.096836, -0.069028, 0.332149, 0.064625, 0.069466, -0.124469, 0.053413, -0.088421, 0.167915, 1.075653, 0.560718, 1.61753, 0.579946, -40.927626, 12.295766, 0.104705, 0.21868, -0.047224, 41.645945]
-2.8163399696350098 --- [0.182985, 0.096615, -0.030379, 0.354716, 0.002786, 0.079369, -0.10844, 0.068219, -0.090452, 0.06121, 1.025521, 0.717469, 1.681966, 0.668004, -45.636172, 13.081004, 0.109144, 0.248477, -0.015694, 48.745634]
-2.6347198486328125 --- [0.217747, 0.065766, -0.039067, 0.331294, 0.026561, 0.059629, -0.120399, 0.039691, -0.093318, 0.041389, 1.151796, 0.492987, 1.768247, 0.431622, -47.996679, 13.509133, 0.16695, 0.258847, -0.012495, 37.482343]
-3.522630214691162 --- [0.187116, 0.084206, -0.06719, 0.322957, 0.001271, 0.081517, -0.118101, 0.063061, -0.068196, 0.0582, 1.219379, 0.626935, 1.714211, 0.793553, -58.054048, 15.557725, 0.189249, 0.190197, -0.015445, 38.053028]
-3.2415900230407715 --- [0.19821, 0.082127, 0.016928, 0.32496, 0.0233, 0.097127, -0.106077, 0.065688, -0.074719, 0.140554, 1.150896, 0.842768, 1.765343, 0.440501, -56.330724, 14.272085, 0.166528, 0.197027, -0.05813, 39.710459]
-3.5278801918029785 --- [0.188903, 0.080893, -0.060806, 0.311428, 0.028387, 0.078042, -0.131282, 0.072231, -0.071354, 0.152454, 1.268849, 0.437813, 1.645918, 0.566717, -57.408219, 9.263268, 0.159075, 0.238699, 0.012888, 45.907489]
-3.9741101264953613 --- [0.193874, 0.092666, -0.047457, 0.277196, 0.040677, 0.073629, -0.133599, 0.071228, -0.080542, 0.237778, 1.214585, 0.730209, 1.701272, 0.546874, -61.098444, 9.564917, 0.226027, 0.216778, -0.046893, 44.149755]
-4.722909927368164 --- [0.185099, 0.089249, -0.12826, 0.291281, -0.002241, 0.045273, -0.155676, 0.064955, -0.053386, 0.181876, 1.270492, 0.661537, 1.604362, 0.654122, -52.763783, 15.27463, 0.257863, 0.182567, -0.042588, 42.436668]
-3.7609100341796875 --- [0.184055, 0.088378, -0.007154, 0.269609, -0.012257, 0.074927, -0.132963, 0.074062, -0.090535, 0.109782, 1.120463, 0.480266, 1.35895, 0.446579, -50.851577, 18.300228, 0.270362, 0.149488, 0.023649, 42.755872]
-3.404210090637207 --- [0.180119, 0.070338, -0.055948, 0.321713, 0.027449, 0.082959, -0.118957, 0.0592, -0.078694, 0.118762, 1.188152, 0.575769, 1.692271, 0.329218, -46.228303, 14.696946, 0.15413, 0.230382, -0.023939, 51.855829]
-3.322470188140869 --- [0.17735, 0.054903, -0.098183, 0.335554, 0.058621, 0.094992, -0.121606, 0.083471, -0.085293, 0.089909, 1.201099, 0.33457, 1.649514, 0.587606, -49.421523, 14.64047, 0.193033, 0.27127, 0.030509, 40.888673]
-4.440710067749023 --- [0.199361, 0.100539, -0.078606, 0.260982, 0.027718, 0.056573, -0.142325, 0.067975, -0.067969, 0.148132, 1.296931, 0.295538, 1.467619, 0.58027, -58.550886, 13.579372, 0.242841, 0.201628, 0.019544, 44.222992]
-3.5423898696899414 --- [0.168886, 0.110074, -0.0622, 0.263497, 0.050711, 0.063611, -0.155393, 0.036611, -0.061622, 0.093649, 1.189563, 0.92693, 1.715064, 0.82937, -57.127483, 23.567723, 0.164276, 0.188764, 0.051682, 46.721489]
-3.246490001678467 --- [0.218425, 0.079074, -0.05276, 0.282338, 0.034639, 0.079782, -0.121477, 0.063242, -0.0764, 0.012263, 1.048803, 0.810188, 1.64848, 0.753836, -54.017506, 19.738604, 0.274121, 0.207493, -0.048558, 46.531467]
-3.1589598655700684 --- [0.248727, 0.092961, -0.087891, 0.231786, -0.015301, 0.113419, -0.142853, 0.056582, -0.069438, 0.023776, 1.130622, 0.721797, 1.700605, 0.581087, -66.934672, 22.963374, 0.294746, 0.210509, -0.042217, 53.300187]
-3.76423978805542 --- [0.187549, 0.121653, -0.099734, 0.237042, 0.009792, 0.111349, -0.136814, 0.081413, -0.056542, -0.058074, 1.134528, 0.399434, 1.600185, 0.689231, -58.770289, 28.617102, 0.140998, 0.227653, 0.02641, 51.297917]
-3.4232797622680664 --- [0.204055, 0.093267, -0.118708, 0.243865, 0.061409, 0.098935, -0.122632, 0.060882, -0.076298, 0.107473, 1.119615, 0.604442, 1.603417, 0.276907, -51.61717, 15.522745, 0.202934, 0.167664, -0.028789, 46.298191]
-3.5521302223205566 --- [0.22439, 0.088694, -0.07185, 0.310257, 0.054399, 0.015683, -0.114739, 0.062844, -0.085283, 0.086829, 1.1885, 0.355678, 1.625559, 0.640109, -57.116418, 25.244738, 0.248678, 0.242696, 0.017957, 50.12361]
-3.6441001892089844 --- [0.216317, 0.100808, -0.089352, 0.203792, 0.058481, 0.085185, -0.147815, 0.074361, -0.058878, 0.113301, 1.138633, 0.640763, 1.75816, 0.279364, -49.145103, 25.869237, 0.228797, 0.210559, 0.008976, 50.733968]
-3.3072800636291504 --- [0.206913, 0.076987, -0.057042, 0.294934, 0.028234, 0.074561, -0.123974, 0.063515, -0.061153, 0.179251, 1.205544, 0.465411, 1.318735, 0.563127, -51.202333, 15.592168, 0.191014, 0.198395, -0.053613, 47.219118]
-3.6169800758361816 --- [0.195575, 0.054482, -0.065866, 0.275951, 0.037876, 0.046067, -0.13055, 0.064346, -0.052773, 0.024047, 1.163842, 0.438292, 1.423824, 0.858335, -50.255308, 22.094973, 0.248889, 0.203381, -0.049967, 51.676807]
-3.023829936981201 --- [0.23702, 0.066856, -0.050256, 0.254998, 0.031287, 0.054802, -0.142232, 0.058476, -0.048464, 0.172763, 1.048277, 0.601925, 1.668399, 0.52618, -51.311622, 18.524709, 0.133519, 0.256035, -0.03796, 43.604203]
-3.8999199867248535 --- [0.206916, 0.05299, -0.11502, 0.25895, 0.054122, 0.059504, -0.134583, 0.038377, -0.06146, 0.010047, 1.081513, 0.67434, 1.513095, 0.618029, -56.894939, 17.805606, 0.202785, 0.264786, -0.002816, 53.451794]
-3.387549877166748 --- [0.22561, 0.091312, -0.074445, 0.253667, 0.052178, 0.053489, -0.133575, 0.083115, -0.061158, 0.196074, 1.124768, 0.600316, 1.571397, 0.686274, -55.433859, 16.963403, 0.217857, 0.243063, -0.025635, 44.98098]
-3.736800193786621 --- [0.211586, 0.068947, -0.122464, 0.220026, 0.046323, 0.080097, -0.147315, 0.073505, -0.056012, 0.160244, 1.05467, 0.571837, 1.656764, 0.344129, -61.791864, 19.26941, 0.204069, 0.197758, -0.003601, 53.916679]
-3.5301899909973145 --- [0.220771, 0.088852, -0.084807, 0.27926, 0.057433, 0.087544, -0.163341, 0.04798, -0.054729, 0.069133, 1.130479, 0.827267, 1.527395, 0.712017, -58.711519, 21.140204, 0.189251, 0.196548, -0.038203, 45.861161]
-2.8164196014404297 --- [0.220624, 0.045083, -0.114273, 0.227788, 0.038906, 0.044965, -0.16597, 0.048382, -0.059081, 0.133981, 1.022099, 0.571155, 1.672711, 0.780544, -49.036473, 19.898128, 0.213055, 0.209964, -0.055359, 53.555763]
-3.5004000663757324 --- [0.247117, 0.070455, -0.120843, 0.274818, 0.026675, 0.062859, -0.130471, 0.056451, -0.061666, 0.234379, 0.946388, 0.571903, 1.414269, 0.669352, -43.597173, 20.404339, 0.230724, 0.228951, -0.058756, 47.755463]
-3.252349853515625 --- [0.243547, 0.083568, -0.127501, 0.254203, 0.041515, 0.043907, -0.120599, 0.062581, -0.069423, 0.062463, 0.950052, 0.659649, 1.691876, 0.797938, -41.602927, 24.064689, 0.273563, 0.200514, 0.003705, 49.789853]
-3.3989601135253906 --- [0.247776, 0.069477, -0.047184, 0.268984, 0.06144, 0.110011, -0.13704, 0.051687, -0.068396, 0.242063, 0.945188, 0.344855, 1.564447, 0.812137, -60.862969, 28.770218, 0.194295, 0.208597, -0.003244, 48.084855]
-3.3235697746276855 --- [0.233534, 0.077896, -0.080679, 0.25971, 2.22E-4, 0.097915, -0.149093, 0.051894, -0.087182, 0.231885, 1.097574, 0.595199, 1.596685, 0.762858, -63.705176, 26.912683, 0.280226, 0.273465, 0.00555, 50.131533]
-3.42618989944458 --- [0.22922, 0.081291, -0.067132, 0.270303, 0.009682, 0.078932, -0.148258, 0.054279, -0.069229, 0.150856, 0.972091, 0.700781, 1.777397, 0.599318, -52.22147, 19.312586, 0.22071, 0.210571, -0.0287, 54.096496]
-3.437960147857666 --- [0.231953, 0.037533, -0.045171, 0.29349, 0.013457, 0.094251, -0.153346, 0.046621, -0.066068, 0.052601, 0.991615, 0.429151, 1.575824, 0.806247, -57.321162, 16.74969, 0.312725, 0.254058, -0.027535, 47.020591]
-3.771160125732422 --- [0.265101, 0.095122, -0.082009, 0.268311, 0.065453, 0.073492, -0.146838, 0.069897, -0.048964, 0.055184, 1.166434, 0.476196, 1.736223, 0.649241, -54.218916, 21.721253, 0.203505, 0.192997, -0.036573, 51.242058]
-3.8474202156066895 --- [0.254108, 0.050214, -0.120798, 0.261508, 0.005997, 0.047236, -0.156466, 0.068978, -0.054184, 0.077462, 0.999108, 0.642735, 1.586428, 0.703659, -56.663785, 19.070144, 0.191631, 0.218927, 0.005125, 49.749952]
-3.457170009613037 --- [0.230963, 0.061688, -0.06489, 0.277498, 0.039312, 0.072657, -0.151342, 0.058509, -0.036761, 0.114081, 1.017545, 0.757126, 1.632425, 0.613824, -50.777143, 16.675138, 0.19336, 0.236894, -0.017442, 46.267593]
-3.6387901306152344 --- [0.224956, 0.071249, -0.077709, 0.276769, 0.019368, 0.054979, -0.159194, 0.048638, -0.047669, 0.214747, 1.09666, 0.76484, 1.617458, 0.514617, -56.141132, 13.371469, 0.195197, 0.210179, -0.017474, 46.39162]
-3.3179402351379395 --- [0.249313, 0.079874, -0.063857, 0.266217, 0.008367, 0.101384, -0.170116, 0.047914, -0.051409, -0.010764, 1.056784, 0.680523, 1.632603, 0.570911, -59.643209, 18.333963, 0.111421, 0.195265, -0.001435, 47.542618]
-3.319540023803711 --- [0.238873, 0.073186, -0.050682, 0.247981, -0.008012, 0.052085, -0.167694, 0.02692, -0.06767, 0.028029, 1.028171, 0.617546, 1.68165, 0.657162, -57.059383, 22.659563, 0.233873, 0.265511, -0.004728, 46.108778]
-3.451539993286133 --- [0.227958, 0.084679, -0.082968, 0.294121, 0.021132, 0.0497, -0.151971, 0.026653, -0.063565, -0.065586, 1.042197, 0.436385, 1.747783, 0.514776, -59.631405, 15.817192, 0.247206, 0.219245, -0.034463, 52.520663]
-3.470719814300537 --- [0.239856, 0.060994, -0.088604, 0.276781, 0.046468, -0.002531, -0.154261, 0.033867, -0.059006, -0.050513, 0.985973, 0.373772, 1.705372, 0.493903, -62.011735, 16.675994, 0.285193, 0.221653, 0.020276, 46.080999]
-3.831850051879883 --- [0.24349, 0.067846, -0.099373, 0.310563, 0.051756, 0.058148, -0.167409, 0.039944, -0.033236, 0.041944, 0.986189, 0.584626, 1.687244, 0.542112, -61.976997, 15.214052, 0.205748, 0.245744, -0.012928, 47.809517]
-3.2881598472595215 --- [0.220147, 0.049346, -0.065435, 0.295926, 0.027341, 0.074176, -0.136908, 0.050027, -0.058852, 0.006212, 1.03465, 0.686671, 1.659423, 0.764414, -55.220649, 10.603821, 0.191473, 0.207255, 0.009503, 53.741125]
-3.4469900131225586 --- [0.240936, 0.071366, -0.089764, 0.292379, 0.08435, 0.020155, -0.154468, 0.058675, -0.071054, 0.041707, 1.038656, 0.555535, 1.60654, 0.570486, -62.75952, 17.866108, 0.207898, 0.260247, 0.016061, 56.955586]
-3.7945098876953125 --- [0.249071, 0.065265, -0.118056, 0.24404, 0.029444, 0.025443, -0.168203, 0.044532, -0.055831, 0.080028, 1.049134, 0.767645, 1.567775, 0.587441, -58.925548, 12.205064, 0.239959, 0.214089, -0.019426, 54.360549]
-3.765009880065918 --- [0.249184, 0.072593, -0.076248, 0.278104, 0.053072, 0.028492, -0.175466, 0.038256, -0.049782, 0.131131, 1.104183, 0.734806, 1.60687, 0.570878, -62.567206, 18.398861, 0.232655, 0.225798, 0.030509, 52.997612]
-4.039010047912598 --- [0.270089, 0.082664, -0.10603, 0.310904, 0.067467, 0.026688, -0.152976, 0.047691, -0.069298, -0.019422, 1.012775, 0.562382, 1.657378, 0.588011, -58.385563, 22.50334, 0.235937, 0.177426, 0.007767, 53.469875]
-3.080629825592041 --- [0.261636, 0.067851, -0.037294, 0.305871, 0.05243, 0.044968, -0.15878, 0.059526, -0.064138, 0.049092, 0.944476, 0.534092, 1.783942, 0.557638, -65.517586, 14.04539, 0.229902, 0.220054, -0.015002, 46.307385]
-3.4165902137756348 --- [0.247432, 0.063236, -0.149891, 0.298678, 0.052078, -0.016893, -0.177169, 0.029409, -0.039712, 0.073042, 0.944186, 0.723604, 1.666076, 0.577599, -53.500537, 14.683951, 0.275962, 0.247949, -0.034069, 44.846017]
-3.015629768371582 --- [0.240253, 0.071238, -0.056603, 0.288221, 0.034638, 0.031558, -0.162889, 0.042091, -0.043119, 0.03327, 0.968339, 0.85254, 1.768327, 0.439869, -64.093746, 17.978968, 0.212092, 0.248356, 0.008246, 52.187946]
-3.7726597785949707 --- [0.253246, 0.057271, -0.042755, 0.310587, 0.069222, 0.025891, -0.158358, 0.036092, -0.053688, 0.066535, 1.005792, 0.464283, 1.813546, 0.470954, -61.570594, 17.122767, 0.222998, 0.26352, 0.008909, 47.212595]
-3.1897802352905273 --- [0.25004, 0.072359, -0.084076, 0.318787, 0.074389, 0.082788, -0.163329, 0.056149, -0.054303, 0.040738, 1.006235, 0.711253, 1.852153, 0.664221, -65.755566, 17.352226, 0.293374, 0.23126, 0.02296, 50.941813]
-3.606649875640869 --- [0.248778, 0.081602, -0.027193, 0.300656, 0.075755, 0.071641, -0.149804, 0.035705, -0.073488, 0.01714, 0.966923, 0.916292, 1.588364, 0.754483, -68.614565, 12.243587, 0.27314, 0.244196, -0.001454, 49.748117]
-3.504149913787842 --- [0.233578, 0.079019, -0.046494, 0.305904, 0.064008, 0.08224, -0.15856, 0.052108, -0.063009, 0.052968, 1.050283, 0.780688, 1.569709, 0.519063, -69.335166, 23.907758, 0.278539, 0.242766, 0.016586, 53.770667]
-3.427609920501709 --- [0.228991, 0.092796, -0.101361, 0.30002, 0.073611, 0.094373, -0.157997, 0.054973, -0.052514, 0.053121, 1.05052, 0.848539, 1.58194, 0.636819, -63.848118, 16.801556, 0.246499, 0.26558, 0.02234, 51.238751]
-4.035069942474365 --- [0.237028, 0.081296, -0.088554, 0.313138, 0.04818, 0.08592, -0.159196, 0.036601, -0.068493, 0.057306, 1.045376, 0.853129, 1.630709, 0.548951, -64.910631, 13.55514, 0.22074, 0.218213, 0.020745, 50.768759]
-4.322329998016357 --- [0.237949, 0.085558, -0.056477, 0.330745, 0.069144, 0.075081, -0.148578, 0.064629, -0.059431, 0.181369, 0.941791, 0.806222, 1.642139, 0.594499, -61.490772, 17.852254, 0.254112, 0.229411, 9.69E-4, 48.293986]
-3.0415401458740234 --- [0.234572, 0.068159, -0.109847, 0.313768, 0.049165, 0.109243, -0.139274, 0.046363, -0.053218, -8.09E-4, 1.044404, 0.74328, 1.698392, 0.618363, -61.904225, 18.718751, 0.191006, 0.24537, 0.02133, 55.508422]
-3.7956199645996094 --- [0.250914, 0.070242, -0.074974, 0.303976, 0.044993, 0.062103, -0.143647, 0.045217, -0.062417, 0.043034, 1.055665, 0.77982, 1.707961, 0.505676, -66.186178, 20.382626, 0.229615, 0.21541, -0.008745, 54.283353]
-3.422410011291504 --- [0.226283, 0.079102, -0.085589, 0.319353, 0.071107, 0.098488, -0.154308, 0.05282, -0.065109, 0.092289, 0.985411, 0.65821, 1.645498, 0.598234, -58.801559, 22.646278, 0.248759, 0.218588, 0.011847, 50.948128]
-4.174880027770996 --- [0.230378, 0.063632, -0.066217, 0.31835, 0.053394, 0.083631, -0.163159, 0.056764, -0.046097, 0.039996, 1.080841, 0.631468, 1.778945, 0.612987, -60.208236, 19.644081, 0.223319, 0.240657, 0.017, 54.837009]
-3.6126298904418945 --- [0.243245, 0.085163, -0.071622, 0.284174, 0.078594, 0.088738, -0.163678, 0.048787, -0.053659, 0.036172, 0.986022, 0.66512, 1.668353, 0.586645, -65.97453, 20.613501, 0.271183, 0.23614, -0.003202, 50.230487]
-3.694079875946045 --- [0.242333, 0.087615, -0.085484, 0.312399, 0.063701, 0.065404, -0.163416, 0.0425, -0.064907, 0.053829, 1.138155, 0.801201, 1.788527, 0.59027, -61.753599, 16.406667, 0.251953, 0.239166, -0.006908, 51.912522]
-2.8718395233154297 --- [0.246114, 0.078183, -0.116264, 0.275418, 0.067967, 0.035229, -0.154883, 0.063474, -0.058847, -0.013469, 0.97009, 0.760825, 1.671895, 0.649672, -61.495266, 16.740735, 0.182272, 0.263988, 0.015762, 53.030214]
-4.274620056152344 --- [0.234048, 0.063698, -0.068523, 0.303874, 0.072784, 0.121606, -0.154948, 0.060952, -0.059663, 0.027012, 0.983119, 0.820418, 1.751165, 0.569351, -71.030513, 19.394703, 0.227091, 0.229327, -0.005126, 53.605234]
-3.862649917602539 --- [0.231942, 0.070157, -0.103445, 0.313927, 0.061986, 0.067866, -0.153248, 0.058431, -0.046043, 0.02596, 0.913846, 0.627137, 1.649164, 0.626098, -66.999475, 20.639109, 0.190582, 0.249784, 0.009195, 49.956883]
-3.786910057067871 --- [0.224646, 0.085753, -0.092825, 0.31738, 0.060574, 0.100844, -0.164591, 0.050815, -0.052577, 0.026801, 0.98516, 0.630773, 1.583614, 0.668837, -68.137752, 20.000649, 0.214813, 0.24402, 0.011192, 48.903077]
-4.157589912414551 --- [0.243658, 0.077815, -0.052457, 0.299554, 0.050796, 0.081392, -0.163011, 0.047457, -0.042297, 0.096029, 0.932284, 0.693125, 1.739028, 0.553662, -63.9238, 17.014107, 0.282037, 0.216115, 0.006168, 49.117698]
