# actions/kick_right_7m.act.0  iteration 311  minError   36.48   error   33.95 (t  266 up  4.3  d 6.80 a 0.03 z 0.07 zd 0.30)

13.636472  -7.353074  21.751085  -68.623894  65.406769  2.080812  -12.038210  -10.553529  -5.486961  -43.497108  51.188187  13.336947  -59.528854  -5.525892  -65.890938  -31.707394  -88.866470  -10.876893  112.960800  4.850669  241
-22.768517  -8.141339  24.461180  -42.653122  29.701021  7.985355  -3.378398  4.415722  49.510101  -64.581169  44.955517  -0.998227  -89.030762  12.748210  -101.426277  18.378199  -106.906860  -2.423975  59.075775  16.795248  64
-21.750431  2.458451  10.142708  15.171516  -7.517400  2.786489  -9.618683  -20.255680  4.942984  -68.423805  50.712414  38.272858  -121.035034  26.821375  -114.801498  15.919756  -38.421581  -21.766726  91.386002  -3.468829  15
-21.479725  -2.865304  -3.113639  -24.662481  4.701417  3.034925  2.714389  -1.326728  33.252815  -26.686182  -13.321395  11.366630  -82.759300  16.680115  -89.664841  -5.926678  -103.587708  -6.332288  77.570343  30.647263  71
20.778442  1.141168  -10.372688  -47.330147  34.396862  29.807461  -40.312698  3.652587  62.745152  -7.082667  9.464036  -4.356815  -57.655094  12.009292  -86.032356  9.662748  -111.287354  14.696304  57.462276  -6.082777  28
-18.330690  4.898331  28.767651  -36.953873  -6.374268  -5.554828  -22.884378  -1.242557  33.140347  4.609580  -22.976931  1.111811  -69.524010  3.634505  -102.137451  18.777605  -130.104874  -10.822450  98.080894  20.580862  0
4.133949  19.265018  11.120743  -31.688925  25.478003  29.466457  2.519379  -38.554146  15.771941  -87.896889  -6.599402  29.259249  -112.454590  -5.262964  -93.236275  11.370277  -96.721046  -15.634424  105.728516  0.107044  0
41.922775  25.512775  5.832409  -25.282419  16.738802  -6.657888  5.849577  -5.697116  47.125595  -31.739687  33.164997  39.347633  -99.635117  -24.890142  -65.945137  -2.848392  -76.468391  -4.923841  58.091011  -2.846187  0
-13.468845  12.280449  -14.552819  -24.113070  17.585157  7.671381  -28.047777  -0.724297  3.647592  -52.963554  1.138395  -16.329704  -39.645256  0.365887  -70.252052  16.261881  -110.996017  17.009911  90.576759  -28.873724  34
