1
1  -0.767250 -0.011750  -0.528000 0.132625 0.000000 0  
1  -0.299750 0.079000  -0.401500 0.074875 0.000000 1  
1  -0.632500 0.759625  -0.748000 0.772000 0.000000 1  
1  -0.627000 -0.812000  -0.739750 -0.812000 0.000000 1  
2  0.514250 0.549250  0.401500 0.561625 0.000000 1  0.143000 0.409000 0.000000 1  
2  0.511500 0.062500  0.407000 0.058375 0.000000 1  0.231000 0.058375 0.000000 1  
2  0.511500 -0.498500  0.412500 -0.539750 0.000000 1  0.176000 -0.358250 0.000000 1  
2  0.781000 0.751375  0.662750 0.772000 0.000000 1  0.390500 0.087250 0.000000 0  
2  0.786500 -0.721250  0.687500 -0.746000 0.000000 1  0.420750 -0.102500 0.000000 0  
2  -0.456500 -0.011750  -0.291500 0.202750 0.000000 0  -0.550000 -0.028250 0.000000 1  
2  -0.819500 -0.007625  -0.184250 0.400750 0.000000 0  -0.445500 -0.383000 0.000000 0  
2  -0.814000 0.631750  -0.651750 0.149125 0.000000 0  -0.893750 0.693625 0.000000 1  
2  -0.800250 -0.746000  -0.649000 -0.201500 0.000000 0  -0.904750 -0.766625 0.000000 1  
2  0.000000 -0.003500  -0.068750 -0.007625 0.000000 1  -0.198000 0.363625 0.000000 0  
2  0.011000 0.380125  -0.060500 0.396625 0.000000 1  -0.173250 0.008875 0.000000 0  
2  0.013750 -0.387125  -0.077000 -0.391250 0.000000 1  -0.192500 0.013000 0.000000 0  
3  -0.005500 -0.011750  -0.412500 0.219250 0.000000 0  -0.250250 0.008875 0.000000 1  -0.382250 -0.251000 0.000000 0  
3  -0.005500 -0.374750  -0.445500 -0.061250 0.000000 0  -0.082500 -0.383000 0.000000 1  -0.187000 0.268750 0.000000 0  
3  -0.002750 0.326500  -0.198000 -0.354125 0.000000 1  -0.082500 0.318250 0.000000 1  -0.280500 0.112000 0.000000 1  
3  -0.368500 0.004750  -0.566500 -0.350000 0.000000 1  -0.555500 0.334750 0.000000 1  -0.456500 0.004750 0.000000 1  
3  -0.588500 0.008875  -0.574750 -0.457250 0.000000 0  -0.594000 0.475000 0.000000 0  -0.660000 0.013000 0.000000 1  
3  -0.778250 0.437875  -0.632500 -0.428375 0.000000 0  -0.621500 -0.003500 0.000000 0  -0.847000 0.450250 0.000000 1  
3  -0.759000 -0.449000  -0.610500 0.384250 0.000000 0  -0.610500 -0.015875 0.000000 0  -0.830500 -0.453125 0.000000 1  
3  -0.847000 0.000625  -0.588500 -0.213875 0.000000 0  -0.588500 -0.523250 0.000000 0  -0.643500 0.367750 0.000000 0  
3  0.357500 -0.003500  0.255750 -0.007625 0.000000 1  -0.096250 0.268750 0.000000 1  -0.280500 -0.193250 0.000000 1  
3  0.396000 -0.416000  0.288750 -0.432500 0.000000 1  0.132000 -0.003500 0.000000 1  -0.288750 0.132625 0.000000 1  
3  0.379500 0.376000  0.308000 0.450250 0.000000 1  0.115500 0.013000 0.000000 1  -0.264000 0.004750 0.000000 1  
3  0.698500 0.805000  0.627000 0.858625 0.000000 1  0.484000 0.384250 0.000000 0  0.121000 0.041875 0.000000 0  
3  0.698500 -0.805000  0.627000 -0.858625 -0.000000 1  0.484000 -0.384250 -0.000000 0  0.121000 -0.041875 -0.000000 0  
3  0.181500 0.805000  0.055000 0.813250 0.000000 1  -0.013750 0.450250 0.000000 1  0.187000 0.037750 0.000000 1  
3  0.181500 -0.805000  0.055000 -0.813250 -0.000000 0  -0.013750 -0.450250 -0.000000 0  0.187000 -0.037750 -0.000000 0  
3  -0.176000 0.838000  -0.189750 0.037750 0.000000 0  -0.368500 0.425500 0.000000 0  -0.255750 0.871000 0.000000 0  
3  -0.176000 -0.838000  -0.189750 -0.037750 -0.000000 0  -0.368500 -0.425500 -0.000000 0  -0.255750 -0.871000 -0.000000 0  
3  -0.555500 0.817375  -0.660000 0.211000 0.000000 0  -0.726000 0.607000 0.000000 0  -0.605000 0.871000 0.000000 0  
3  -0.555500 -0.817375  -0.660000 -0.211000 -0.000000 0  -0.726000 -0.607000 -0.000000 0  -0.605000 -0.871000 -0.000000 0  
3  -0.858000 -0.770750  -0.462000 -0.906875 0.000000 0  -0.814000 -0.341750 0.000000 0  -0.913000 -0.754250 0.000000 0  
3  -0.858000 0.770750  -0.429000 0.937000 -0.000000 0  -0.814000 0.341750 -0.000000 0  -0.913000 0.754250 -0.000000 0  
3  0.698500 -0.805000  0.627000 -0.858625 -0.000000 1  0.484000 -0.384250 -0.000000 0  0.121000 -0.041875 -0.000000 0  
3  0.698500 0.805000  0.627000 0.858625 0.000000 1  0.484000 0.384250 0.000000 0  0.121000 0.041875 0.000000 0  
3  0.698500 -0.805000  0.627000 -0.858625 -0.000000 1  0.484000 -0.384250 -0.000000 0  0.121000 -0.041875 -0.000000 0  
3  0.440000 0.747250  0.360250 0.788500 0.000000 1  0.192500 0.409000 0.000000 1  0.349250 -0.156125 0.000000 1  
3  0.440000 -0.747250  0.360250 -0.788500 -0.000000 1  0.192500 -0.409000 -0.000000 1  0.349250 0.156125 -0.000000 1  
3  0.173250 0.004750  0.077000 -0.003500 0.000000 0  0.096250 0.417250 0.000000 0  -0.170500 -0.230375 0.000000 0  
3  0.151250 -0.263375  0.082500 -0.259250 0.000000 0  0.121000 -0.581000 0.000000 0  0.176000 0.190375 0.000000 0  
3  0.574750 0.198625  0.517000 0.272875 0.000000 0  0.365750 -0.292250 0.000000 0  0.233750 0.037750 0.000000 0  
4  -0.002750 0.013000  -0.099000 0.037750 0.000000 1  -0.379500 -0.251000 0.000000 1  -0.390500 0.285250 0.000000 1  -0.566500 0.004750 0.000000 1  
4  0.660000 0.536875  0.591250 0.574000 0.000000 1  0.440000 0.235750 0.000000 1  0.137500 0.813250 0.000000 1  0.060500 0.161500 0.000000 1  
4  0.456500 0.260500  0.374000 0.268750 0.000000 1  0.115500 0.640000 0.000000 1  0.115500 -0.139625 0.000000 1  -0.159500 0.264625 0.000000 1  
4  0.825000 0.829750  0.764500 0.899875 0.000000 1  0.621500 0.602875 0.000000 1  0.313500 0.475000 0.000000 1  -0.198000 0.871000 0.000000 1  
4  0.349250 0.846250  0.272250 0.895750 0.000000 1  0.115500 0.623500 0.000000 1  0.341000 0.095500 0.000000 1  0.024750 0.318250 0.000000 1  
4  0.588500 0.838000  0.536250 0.912250 0.000000 0  0.165000 0.673000 0.000000 0  0.110000 0.310000 0.000000 0  0.431750 0.074875 0.000000 0  
4  -0.231000 0.565750  -0.211750 0.891625 0.000000 1  -0.396000 0.615250 0.000000 1  -0.264000 0.297625 0.000000 1  0.088000 0.268750 0.000000 1  
4  -0.118250 -0.829750  -0.211750 -0.891625 -0.000000 1  -0.396000 -0.615250 -0.000000 1  -0.264000 -0.297625 -0.000000 1  0.170500 -0.194500 -0.000000 0  
4  0.588500 -0.838000  0.536250 -0.912250 -0.000000 0  0.165000 -0.673000 -0.000000 0  0.110000 -0.310000 -0.000000 0  0.431750 -0.074875 -0.000000 0  
4  0.825000 -0.829750  0.764500 -0.899875 -0.000000 1  0.621500 -0.602875 -0.000000 1  0.313500 -0.475000 -0.000000 1  -0.198000 -0.871000 -0.000000 1  
4  0.660000 -0.536875  0.591250 -0.574000 -0.000000 1  0.440000 -0.235750 -0.000000 1  0.137500 -0.813250 -0.000000 1  0.060500 -0.161500 -0.000000 1  
4  0.456500 -0.260500  0.374000 -0.268750 -0.000000 1  0.115500 -0.640000 -0.000000 1  0.115500 0.139625 -0.000000 1  -0.159500 -0.264625 -0.000000 1  
4  0.214500 0.021250  0.140250 0.021250 0.000000 0  -0.046750 -0.350000 0.000000 0  -0.038500 0.326500 0.000000 0  -0.352000 0.008875 0.000000 0  
4  0.349250 -0.846250  0.272250 -0.895750 -0.000000 1  0.115500 -0.623500 -0.000000 1  0.341000 -0.095500 -0.000000 1  0.024750 -0.318250 -0.000000 1  
4  -0.522500 0.838000  -0.594000 0.871000 0.000000 0  -0.676500 0.697750 0.000000 0  -0.456500 0.079000 0.000000 0  -0.665500 0.371875 0.000000 0  
4  -0.522500 -0.838000  -0.594000 -0.871000 -0.000000 0  -0.715000 -0.498500 -0.000000 0  -0.214500 -0.106625 -0.000000 0  -0.607750 -0.156125 -0.000000 0  
4  -0.423500 0.281125  -0.605000 -0.152000 0.000000 1  -0.528000 0.697750 0.000000 1  -0.541750 0.091375 0.000000 1  -0.566500 0.334750 0.000000 1  
4  -0.423500 -0.275750  0.071500 -0.029500 -0.000000 1  -0.415250 -0.594625 -0.000000 1  -0.407000 0.135500 -0.000000 1  -0.528000 -0.277000 -0.000000 1  
4  -0.231000 -0.565750  -0.211750 -0.891625 -0.000000 1  -0.533500 -0.531500 -0.000000 1  -0.264000 -0.297625 -0.000000 1  0.088000 -0.268750 -0.000000 1  
4  -0.231000 0.565750  -0.211750 0.891625 0.000000 1  -0.533500 0.531500 0.000000 1  -0.264000 0.297625 0.000000 1  0.088000 0.268750 0.000000 1  
4  -0.654500 0.004750  -0.660000 0.367750 0.000000 0  -0.717750 -0.325250 0.000000 0  -0.701250 0.186250 0.000000 0  -0.704000 -0.152000 0.000000 0  
4  -0.272250 0.004750  -0.693000 -0.040625 0.000000 0  -0.473000 -0.312875 0.000000 0  -0.431750 0.355375 0.000000 0  -0.429000 0.070750 0.000000 0  
4  -0.869000 0.829750  -0.687500 0.186250 0.000000 0  -0.555500 0.677125 0.000000 1  -0.797500 0.524500 0.000000 0  -0.926750 0.854500 0.000000 1  
4  -0.869000 -0.829750  -0.572000 0.029500 -0.000000 0  -0.869000 -0.498500 -0.000000 1  -0.723250 -0.267500 -0.000000 0  -0.926750 -0.854500 -0.000000 1  
4  -0.863500 -0.424250  -0.720500 0.037750 0.000000 1  -0.816750 -0.729500 0.000000 1  -0.794750 -0.255125 0.000000 1  -0.929500 -0.432500 0.000000 1  
4  -0.863500 0.424250  -0.607750 0.112000 -0.000000 1  -0.775500 0.607000 -0.000000 1  -0.739750 0.222125 -0.000000 1  -0.929500 0.432500 -0.000000 1  
